10067 200014 9166 2021 9 2070.30
10015 200021 9038 2020 4 1400.00
10126 200135 9361 2021 9 1829.10
10173 200201 9073 2021 6 4440.00
10173 200201 9073 2021 8 4440.00
10126 200135 9361 2021 7 1829.10
10077 200075 9426 2021 1 3286.35
10158 200141 9183 2021 4 2281.35
10167 200214 9445 2021 1 2874.30
10002 200217 9042 2020 7 3240.00
10059 200180 9136 2020 5 2290.00
10103 200099 9081 2021 1 2462.25
10100 200207 9223 2021 6 1085.40
10130 200094 9492 2021 10 1610.00
10070 200022 9369 2021 2 1648.20
10126 200135 9361 2020 12 1820.00
10103 200099 9081 2021 2 2462.25
10020 200128 9438 2020 9 3740.00
10113 200087 9070 2021 9 4500.00
10085 200172 9489 2020 9 3560.00
10094 200192 9031 2021 6 4820.00
10000 200118 9062 2021 9 1140.00
10049 200008 9195 2020 9 1120.00
10158 200141 9183 2021 7 2281.35
10113 200087 9070 2021 4 4500.00
10077 200024 9226 2020 10 730.00
10071 200105 9163 2020 9 4480.00
10117 200030 9402 2021 7 890.00
10107 200031 9114 2020 5 3360.00
10085 200187 9084 2021 4 1658.25
10015 200021 9038 2020 6 1400.00
10117 200019 9312 2021 10 1380.00
10129 200173 9485 2021 3 482.40
10187 200170 9458 2021 4 2070.30
10187 200170 9458 2021 6 2070.30
10107 200121 9229 2021 10 2170.00
10054 200243 9415 2021 8 4090.00
10110 200046 9243 2020 10 3010.00
10130 200199 9172 2021 1 3065.25
10193 200023 9181 2021 1 2552.70
10189 200080 9165 2021 3 4834.05
10117 200030 9402 2021 11 890.00
10055 200086 9471 2020 9 3020.00
10104 200202 9165 2021 10 770.00
10029 200151 9168 2021 6 1758.75
10070 200022 9369 2021 1 1648.20
10119 200148 9291 2021 6 2351.70
10020 200128 9438 2021 7 3758.70
10196 200132 9079 2021 9 3940.00
10159 200111 9074 2020 2 630.00
10077 200024 9226 2021 9 733.65
10031 200163 9353 2021 11 3480.00
10086 200065 9009 2021 11 4170.00
10145 200090 9186 2021 8 390.00
10070 200242 9011 2021 2 2251.20
10126 200135 9361 2021 1 1829.10
10189 200064 9009 2020 4 4370.00
10067 200239 9251 2021 1 2512.50
10133 200200 9414 2020 11 3870.00
10103 200099 9081 2021 5 2462.25
10088 200110 9180 2020 4 1260.00
10148 200237 9351 2021 5 2420.00
10069 200244 9340 2021 4 3400.00
10070 200242 9011 2020 10 2240.00
10001 200246 9093 2020 11 1980.00
10077 200024 9226 2021 2 733.65
10061 200113 9362 2021 2 2592.90
10156 200047 9224 2021 3 2401.95
10179 200240 9108 2020 11 4560.00
10149 200097 9293 2021 1 2994.90
10003 200185 9257 2020 2 4560.00
10097 200227 9485 2020 8 3420.00
10159 200111 9074 2020 11 630.00
10199 200117 9055 2020 9 520.00
10183 200003 9108 2020 8 1190.00
10122 200139 9408 2021 7 2914.50
10097 200227 9485 2020 11 3420.00
10094 200192 9031 2021 10 4820.00
10187 200126 9488 2021 9 4190.85
10032 200182 9478 2021 10 1680.00
10112 200034 9194 2020 12 1580.00
10130 200199 9172 2021 5 3065.25
10020 200128 9438 2021 4 3758.70
10008 200057 9139 2020 11 1060.00
10112 200034 9194 2021 5 1587.90
10099 200069 9362 2021 1 2773.80
10184 200037 9010 2020 12 3830.00
10121 200174 9104 2021 4 2890.00
10183 200003 9108 2021 1 1195.95
10137 200149 9408 2021 4 3035.10
10091 200183 9243 2021 7 1060.00
10133 200196 9497 2021 4 3680.00
10114 200160 9291 2021 5 3216.00
10085 200187 9084 2020 10 1650.00
10006 200155 9131 2020 6 2930.00
10023 200045 9063 2021 4 2080.00
10022 200040 9425 2020 7 3020.00
10072 200150 9042 2020 2 4990.00
10167 200214 9445 2020 12 2860.00
10022 200040 9425 2020 1 3020.00
10184 200037 9010 2020 5 3830.00
10152 200102 9265 2020 11 520.00
10002 200061 9216 2020 10 3130.00
10121 200174 9104 2021 5 2890.00
10030 200076 9043 2021 9 3870.00
10047 200044 9272 2020 10 1930.00
10102 200093 9265 2020 12 4010.00
10192 200092 9411 2020 7 2230.00
10075 200220 9374 2021 5 3290.00
10199 200117 9055 2020 10 520.00
10158 200141 9183 2020 5 2270.00
10083 200211 9319 2021 3 700.00
10105 200245 9049 2020 12 4920.00
10103 200184 9413 2021 4 452.25
10105 200167 9289 2021 8 2210.00
10075 200017 9463 2020 2 910.00
10117 200030 9402 2021 9 890.00
10179 200240 9108 2020 7 4560.00
10114 200160 9291 2021 7 3216.00
10158 200141 9183 2020 9 2270.00
10159 200111 9074 2020 8 630.00
10187 200170 9458 2020 8 2060.00
10032 200182 9478 2021 11 1680.00
10069 200244 9340 2021 8 3400.00
10065 200070 9400 2021 11 1457.25
10099 200084 9158 2020 8 2590.00
10085 200172 9489 2020 6 3560.00
10047 200044 9272 2020 8 1930.00
10067 200239 9251 2021 2 2512.50
10154 200166 9497 2020 9 3950.00
10134 200247 9174 2020 11 4210.00
10037 200156 9396 2020 10 3100.00
10085 200172 9489 2021 5 3577.80
10113 200116 9069 2021 2 3226.05
10077 200024 9226 2021 11 733.65
10113 200116 9069 2021 6 3226.05
10158 200141 9183 2021 2 2281.35
10043 200058 9085 2021 7 830.00
10066 200248 9044 2020 4 900.00
10123 200056 9125 2020 9 2780.00
10189 200080 9165 2021 1 4834.05
10002 200061 9216 2021 6 3145.65
10010 200241 9222 2021 9 4490.00
10105 200167 9289 2021 6 2210.00
10158 200141 9183 2021 3 2281.35
10055 200077 9272 2021 11 2490.00
10010 200241 9222 2021 8 4490.00
10071 200105 9163 2021 4 4502.40
10123 200056 9125 2020 12 2780.00
10195 200130 9474 2020 11 4050.00
10132 200208 9125 2021 8 2844.15
10083 200211 9319 2021 11 700.00
10137 200149 9408 2021 10 3035.10
10121 200224 9253 2020 8 4610.00
10103 200049 9396 2021 5 1407.00
10033 200147 9086 2021 1 4341.60
10143 200029 9179 2021 9 3899.40
10085 200232 9280 2021 2 2522.55
10179 200240 9108 2020 10 4560.00
10152 200102 9265 2020 12 520.00
10072 200150 9042 2021 5 5014.95
10130 200199 9172 2021 10 3065.25
10167 200006 9491 2021 8 2050.00
10094 200192 9031 2021 7 4820.00
10132 200208 9125 2021 6 2844.15
10117 200072 9144 2021 7 680.00
10134 200124 9149 2020 3 3960.00
10174 200165 9114 2020 8 2420.00
10134 200124 9149 2020 6 3960.00
10181 200215 9414 2021 10 1160.00
10067 200014 9166 2021 8 2070.30
10098 200068 9283 2020 9 4740.00
10199 200117 9055 2021 2 522.60
10173 200201 9073 2021 10 4440.00
10033 200147 9086 2021 2 4341.60
10199 200117 9055 2020 7 520.00
10007 200229 9260 2021 7 2210.00
10007 200104 9043 2021 6 3658.20
10091 200225 9206 2021 5 4944.60
10173 200201 9073 2021 3 4440.00
10029 200151 9168 2021 8 1758.75
10150 200164 9096 2021 2 430.00
10061 200212 9276 2021 9 1230.00
10199 200216 9210 2020 12 1610.00
10120 200079 9030 2021 5 1320.00
10107 200031 9114 2021 6 3376.80
10072 200150 9042 2021 1 5014.95
10086 200065 9009 2021 8 4170.00
10177 200231 9154 2021 3 5014.95
10077 200024 9226 2021 6 733.65
10015 200052 9070 2021 11 4420.00
10132 200208 9125 2021 4 2844.15
10062 200195 9166 2020 9 4740.00
10069 200244 9340 2021 5 3400.00
10159 200111 9074 2021 2 633.15
10159 200111 9074 2021 10 633.15
10196 200063 9003 2021 7 1070.00
10033 200147 9086 2020 10 4320.00
10070 200242 9011 2021 3 2251.20
10107 200031 9114 2021 10 3376.80
10017 200120 9467 2021 10 830.00
10081 200171 9075 2021 4 4120.00
10083 200211 9319 2021 5 700.00
10097 200179 9008 2020 4 1510.00
10183 200067 9132 2021 8 770.00
10103 200049 9396 2021 9 1407.00
10132 200204 9333 2021 10 4400.00
10067 200169 9231 2020 11 1280.00
10069 200244 9340 2021 9 3400.00
10193 200023 9181 2021 6 2552.70
10178 200145 9245 2021 7 3750.00
10132 200208 9125 2021 3 2844.15
10157 200059 9046 2020 12 4810.00
10149 200097 9293 2020 5 2980.00
10137 200149 9408 2021 6 3035.10
10117 200019 9312 2021 6 1380.00
10107 200121 9229 2021 6 2170.00
10103 200049 9396 2020 11 1400.00
10177 200231 9154 2021 4 5014.95
10119 200148 9291 2021 11 2351.70
10033 200147 9086 2020 11 4320.00
10071 200105 9163 2020 6 4480.00
10022 200040 9425 2020 8 3020.00
10067 200014 9166 2021 2 2070.30
10077 200024 9226 2020 11 730.00
10132 200204 9333 2021 7 4400.00
10146 200133 9194 2020 8 650.00
10080 200054 9173 2021 6 430.00
10002 200217 9042 2020 8 3240.00
10130 200094 9492 2021 9 1610.00
10023 200178 9107 2020 12 1140.00
10065 200070 9400 2020 11 1450.00
10001 200246 9093 2020 8 1980.00
10081 200228 9165 2021 7 4000.00
10167 200214 9445 2021 2 2874.30
10106 200153 9469 2021 9 370.00
10154 200166 9497 2021 1 3969.75
10196 200132 9079 2021 8 3940.00
10187 200126 9488 2021 8 4190.85
10114 200160 9291 2021 1 3216.00
10060 200221 9437 2020 12 3320.00
10062 200083 9492 2020 10 560.00
10119 200119 9003 2021 9 900.00
10113 200087 9070 2021 5 4500.00
10148 200136 9492 2021 9 1700.00
10029 200176 9340 2021 11 4060.00
10086 200213 9099 2021 2 4430.00
10022 200040 9425 2021 10 3035.10
10029 200151 9168 2020 9 1750.00
10008 200057 9139 2021 6 1065.30
10173 200085 9189 2021 7 4950.00
10002 200061 9216 2021 7 3145.65
10179 200240 9108 2021 8 4582.80
10030 200053 9346 2021 11 3130.00
10166 200004 9385 2021 1 300.00
10093 200161 9451 2021 7 4810.00
10195 200130 9474 2020 6 4050.00
10114 200160 9291 2021 8 3216.00
10006 200125 9234 2021 7 3220.00
10105 200098 9451 2020 11 2440.00
10132 200204 9333 2021 9 4400.00
10149 200097 9293 2021 3 2994.90
10028 200131 9012 2020 11 450.00
10117 200072 9144 2021 10 680.00
10099 200069 9362 2021 10 2773.80
10157 200059 9046 2021 1 4834.05
10173 200085 9189 2021 8 4950.00
10029 200151 9168 2021 1 1758.75
10088 200110 9180 2020 8 1260.00
10002 200055 9432 2020 10 4210.00
10174 200165 9114 2021 9 2432.10
10182 200140 9494 2020 7 3860.00
10099 200210 9283 2021 9 1310.00
10133 200200 9414 2021 1 3889.35
10182 200140 9494 2020 8 3860.00
10048 200144 9335 2020 10 1470.00
10069 200127 9080 2021 11 1450.00
10177 200189 9363 2021 8 3680.00
10110 200046 9243 2021 5 3025.05
10138 200001 9293 2021 6 950.00
10134 200247 9174 2020 6 4210.00
10100 200207 9223 2020 12 1080.00
10043 200058 9085 2021 5 830.00
10014 200106 9444 2021 1 4422.00
10093 200161 9451 2021 6 4810.00
10121 200224 9253 2020 9 4610.00
10061 200113 9362 2020 11 2580.00
10167 200214 9445 2021 7 2874.30
10088 200110 9180 2020 10 1260.00
10107 200031 9114 2020 9 3360.00
10075 200027 9354 2021 1 1095.45
10195 200130 9474 2021 1 4070.25
10001 200246 9093 2021 9 1989.90
10140 200191 9227 2020 10 1370.00
10105 200245 9049 2020 9 4920.00
10001 200246 9093 2021 2 1989.90
10169 200103 9339 2021 4 3340.00
10110 200046 9243 2020 7 3010.00
10084 200035 9398 2021 9 1770.00
10014 200106 9444 2021 3 4422.00
10020 200218 9023 2021 5 3280.00
10182 200140 9494 2020 3 3860.00
10119 200148 9291 2021 7 2351.70
10059 200180 9136 2020 4 2290.00
10085 200232 9280 2021 5 2522.55
10118 200073 9365 2021 11 1860.00
10067 200014 9166 2021 10 2070.30
10002 200055 9432 2020 7 4210.00
10183 200067 9132 2021 6 770.00
10110 200046 9243 2021 3 3025.05
10086 200065 9009 2021 6 4170.00
10195 200060 9134 2021 4 783.90
10134 200230 9115 2021 7 3386.85
10028 200131 9012 2021 3 452.25
10075 200027 9354 2020 7 1090.00
10117 200030 9402 2021 6 890.00
10002 200061 9216 2020 7 3130.00
10023 200178 9107 2020 9 1140.00
10038 200011 9470 2021 11 2160.00
10126 200135 9361 2021 4 1829.10
10070 200242 9011 2020 1 2240.00
10066 200002 9409 2021 11 1820.00
10129 200173 9485 2021 10 482.40
10134 200247 9174 2020 5 4210.00
10132 200208 9125 2021 11 2844.15
10107 200031 9114 2021 11 3376.80
10117 200019 9312 2021 11 1380.00
10195 200060 9134 2021 6 783.90
10159 200111 9074 2021 8 633.15
10033 200147 9086 2021 11 4341.60
10192 200092 9411 2020 6 2230.00
10112 200034 9194 2021 7 1587.90
10112 200034 9194 2021 6 1587.90
10129 200190 9183 2021 11 3250.00
10085 200232 9280 2020 11 2510.00
10107 200031 9114 2020 10 3360.00
10022 200040 9425 2020 4 3020.00
10007 200104 9043 2021 3 3658.20
10105 200098 9451 2020 8 2440.00
10081 200171 9075 2021 3 4120.00
10077 200024 9226 2020 8 730.00
10121 200224 9253 2020 7 4610.00
10162 200032 9375 2021 10 670.00
10193 200023 9181 2020 10 2540.00
10199 200117 9055 2020 8 520.00
10102 200093 9265 2020 11 4010.00
10099 200210 9283 2021 6 1310.00
10020 200128 9438 2020 11 3740.00
10195 200060 9134 2021 7 783.90
10143 200222 9406 2021 9 1070.00
10081 200171 9075 2021 10 4120.00
10099 200210 9283 2021 7 1310.00
10008 200057 9139 2021 8 1065.30
10008 200057 9139 2021 4 1065.30
10090 200146 9271 2021 9 3800.00
10022 200040 9425 2021 2 3035.10
10133 200200 9414 2021 5 3889.35
10167 200006 9491 2021 9 2050.00
10113 200116 9069 2020 4 3210.00
10086 200213 9099 2021 8 4430.00
10003 200206 9271 2021 1 3296.40
10110 200046 9243 2020 5 3010.00
10020 200128 9438 2021 11 3758.70
10075 200027 9354 2021 11 1095.45
10072 200150 9042 2020 3 4990.00
10066 200002 9409 2021 10 1820.00
10050 200071 9497 2021 3 450.00
10070 200022 9369 2021 9 1648.20
10052 200007 9108 2021 10 4470.00
10130 200094 9492 2021 11 1610.00
10103 200184 9413 2021 1 452.25
10083 200211 9319 2021 8 700.00
10072 200150 9042 2020 10 4990.00
10091 200225 9206 2021 3 4944.60
10047 200044 9272 2020 1 1930.00
10179 200143 9410 2021 7 4080.00
10177 200189 9363 2021 9 3680.00
10113 200137 9475 2021 7 4290.00
10103 200049 9396 2020 10 1400.00
10134 200230 9115 2020 11 3370.00
10152 200102 9265 2021 1 522.60
10185 200138 9153 2021 3 3396.90
10199 200216 9210 2020 8 1610.00
10043 200193 9311 2021 10 720.00
10189 200080 9165 2020 5 4810.00
10121 200174 9104 2021 2 2890.00
10097 200227 9485 2021 2 3437.10
10159 200111 9074 2020 7 630.00
10050 200071 9497 2021 8 450.00
10038 200013 9331 2021 9 4430.00
10113 200226 9341 2021 3 3960.00
10085 200187 9084 2021 5 1658.25
10189 200080 9165 2020 12 4810.00
10187 200170 9458 2021 2 2070.30
10054 200243 9415 2021 10 4090.00
10133 200009 9431 2021 10 3400.00
10148 200237 9351 2021 9 2420.00
10143 200029 9179 2021 4 3899.40
10136 200100 9174 2021 10 810.00
10140 200191 9227 2020 11 1370.00
10177 200234 9375 2021 11 3720.00
10113 200087 9070 2021 8 4500.00
10126 200135 9361 2021 5 1829.10
10136 200236 9390 2020 12 1660.00
10119 200148 9291 2020 12 2340.00
10110 200046 9243 2020 11 3010.00
10199 200216 9210 2020 10 1610.00
10171 200066 9210 2021 9 2670.00
10001 200246 9093 2021 6 1989.90
10022 200040 9425 2020 6 3020.00
10113 200087 9070 2021 11 4500.00
10143 200096 9063 2020 12 4750.00
10088 200110 9180 2020 5 1260.00
10133 200200 9414 2020 12 3870.00
10149 200097 9293 2020 11 2980.00
10069 200244 9340 2021 10 3400.00
10085 200232 9280 2020 3 2510.00
10050 200071 9497 2021 7 450.00
10174 200165 9114 2020 12 2420.00
10136 200236 9390 2021 8 1668.30
10081 200228 9165 2021 3 4000.00
10072 200150 9042 2021 6 5014.95
10014 200106 9444 2020 7 4400.00
10132 200204 9333 2021 5 4400.00
10100 200207 9223 2020 7 1080.00
10112 200034 9194 2020 7 1580.00
10145 200090 9186 2021 10 390.00
10119 200148 9291 2021 5 2351.70
10023 200178 9107 2021 2 1145.70
10137 200149 9408 2020 10 3020.00
10085 200232 9280 2020 1 2510.00
10038 200013 9331 2021 5 4430.00
10072 200150 9042 2020 1 4990.00
10038 200089 9057 2021 10 2680.00
10007 200104 9043 2020 10 3640.00
10038 200011 9470 2021 8 2160.00
10120 200079 9030 2021 6 1320.00
10113 200116 9069 2020 6 3210.00
10066 200248 9044 2020 7 900.00
10126 200249 9142 2021 7 4620.00
10113 200087 9070 2021 10 4500.00
10134 200025 9184 2021 11 1250.00
10138 200001 9293 2021 4 950.00
10187 200170 9458 2020 10 2060.00
10085 200232 9280 2020 2 2510.00
10099 200069 9362 2021 2 2773.80
10149 200097 9293 2020 10 2980.00
10102 200093 9265 2021 10 4030.05
10187 200170 9458 2021 7 2070.30
10134 200247 9174 2021 7 4231.05
10113 200137 9475 2021 3 4290.00
10052 200007 9108 2021 8 4470.00
10122 200139 9408 2021 10 2914.50
10085 200187 9084 2021 6 1658.25
10065 200070 9400 2021 8 1457.25
10195 200130 9474 2021 3 4070.25
10051 200188 9129 2021 7 4390.00
10195 200130 9474 2020 4 4050.00
10043 200058 9085 2021 8 830.00
10120 200079 9030 2021 8 1320.00
10085 200232 9280 2020 9 2510.00
10023 200178 9107 2020 10 1140.00
10099 200069 9362 2021 3 2773.80
10061 200113 9362 2021 10 2592.90
10134 200230 9115 2021 1 3386.85
10149 200097 9293 2020 9 2980.00
10014 200106 9444 2021 4 4422.00
10137 200149 9408 2021 11 3035.10
10085 200187 9084 2021 2 1658.25
10137 200149 9408 2021 3 3035.10
10187 200126 9488 2021 1 4190.85
10174 200165 9114 2020 10 2420.00
10183 200003 9108 2020 6 1190.00
10145 200026 9046 2021 4 1396.95
10055 200077 9272 2021 10 2490.00
10146 200133 9194 2020 7 650.00
10143 200096 9063 2020 10 4750.00
10067 200169 9231 2020 10 1280.00
10007 200104 9043 2020 9 3640.00
10132 200204 9333 2021 4 4400.00
10015 200052 9070 2021 8 4420.00
10105 200098 9451 2021 5 2452.20
10193 200023 9181 2021 3 2552.70
10103 200049 9396 2021 8 1407.00
10174 200165 9114 2020 9 2420.00
10020 200128 9438 2020 7 3740.00
10097 200227 9485 2020 7 3420.00
10149 200097 9293 2021 7 2994.90
10008 200057 9139 2021 3 1065.30
10195 200130 9474 2021 4 4070.25
10169 200103 9339 2021 8 3340.00
10077 200024 9226 2021 4 733.65
10038 200089 9057 2021 9 2680.00
10075 200220 9374 2021 3 3290.00
10105 200098 9451 2020 9 2440.00
10043 200238 9405 2021 9 633.15
10050 200071 9497 2021 5 450.00
10061 200113 9362 2020 10 2580.00
10154 200166 9497 2020 3 3950.00
10029 200151 9168 2021 2 1758.75
10065 200070 9400 2020 12 1450.00
10091 200225 9206 2020 12 4920.00
10129 200173 9485 2021 6 482.40
10065 200070 9400 2021 1 1457.25
10007 200104 9043 2021 5 3658.20
10075 200017 9463 2020 5 910.00
10136 200236 9390 2020 10 1660.00
10136 200236 9390 2021 4 1668.30
10154 200166 9497 2020 6 3950.00
10105 200098 9451 2020 12 2440.00
10059 200180 9136 2020 10 2290.00
10065 200070 9400 2021 7 1457.25
10081 200228 9165 2021 8 4000.00
10051 200188 9129 2021 8 4390.00
10102 200093 9265 2021 8 4030.05
10133 200200 9414 2021 7 3889.35
10133 200200 9414 2021 2 3889.35
10066 200074 9130 2020 4 2610.00
10070 200242 9011 2021 1 2251.20
10055 200086 9471 2020 8 3020.00
10105 200167 9289 2021 7 2210.00
10177 200231 9154 2020 5 4990.00
10054 200243 9415 2021 4 4090.00
10002 200217 9042 2020 2 3240.00
10022 200040 9425 2021 1 3035.10
10033 200147 9086 2021 3 4341.60
10095 200033 9036 2021 11 1600.00
10007 200104 9043 2020 11 3640.00
10126 200249 9142 2021 8 4620.00
10196 200063 9003 2021 9 1070.00
10094 200192 9031 2021 9 4820.00
10066 200074 9130 2021 8 2623.05
10060 200122 9381 2020 5 3750.00
10149 200097 9293 2020 7 2980.00
10159 200111 9074 2021 4 633.15
10034 200000 9094 2021 11 4910.00
10113 200137 9475 2021 6 4290.00
10177 200234 9375 2021 8 3720.00
10114 200160 9291 2020 12 3200.00
10070 200022 9369 2021 10 1648.20
10117 200019 9312 2021 8 1380.00
10055 200086 9471 2020 12 3020.00
10002 200061 9216 2021 3 3145.65
10130 200199 9172 2021 2 3065.25
10149 200097 9293 2020 8 2980.00
10134 200247 9174 2021 2 4231.05
10070 200022 9369 2021 6 1648.20
10071 200105 9163 2020 3 4480.00
10065 200070 9400 2020 10 1450.00
10085 200187 9084 2020 9 1650.00
10099 200210 9283 2021 3 1310.00
10083 200211 9319 2021 9 700.00
10054 200205 9415 2020 11 2660.00
10126 200135 9361 2021 8 1829.10
10049 200008 9195 2020 10 1120.00
10117 200030 9402 2021 5 890.00
10185 200138 9153 2021 2 3396.90
10033 200147 9086 2021 9 4341.60
10002 200217 9042 2020 3 3240.00
10029 200151 9168 2020 12 1750.00
10154 200166 9497 2020 5 3950.00
10002 200061 9216 2021 5 3145.65
10083 200211 9319 2021 10 700.00
10031 200163 9353 2021 8 3480.00
10177 200231 9154 2021 1 5014.95
10006 200125 9234 2021 6 3220.00
10170 200028 9066 2021 1 4301.40
10085 200172 9489 2020 10 3560.00
10032 200152 9296 2021 1 1688.40
10134 200230 9115 2021 5 3386.85
10133 200200 9414 2021 9 3889.35
10134 200124 9149 2020 4 3960.00
10195 200130 9474 2021 5 4070.25
10137 200149 9408 2021 1 3035.10
10070 200022 9369 2021 8 1648.20
10080 200054 9173 2021 5 430.00
10134 200124 9149 2020 2 3960.00
10085 200232 9280 2021 4 2522.55
10183 200003 9108 2020 9 1190.00
10103 200099 9081 2020 9 2450.00
10091 200225 9206 2020 8 4920.00
10195 200060 9134 2021 10 783.90
10066 200248 9044 2020 9 900.00
10129 200173 9485 2021 1 482.40
10129 200173 9485 2021 7 482.40
10038 200089 9057 2021 2 2680.00
10152 200109 9131 2021 11 3620.00
10107 200121 9229 2021 11 2170.00
10113 200087 9070 2021 2 4500.00
10199 200117 9055 2020 6 520.00
10072 200177 9172 2021 11 1340.00
10023 200178 9107 2020 6 1140.00
10038 200011 9470 2021 3 2160.00
10043 200238 9405 2021 8 633.15
10081 200228 9165 2021 1 4000.00
10105 200245 9049 2021 6 4944.60
10196 200132 9079 2021 7 3940.00
10047 200044 9272 2020 5 1930.00
10070 200022 9369 2021 7 1648.20
10067 200239 9251 2021 6 2512.50
10067 200014 9166 2021 1 2070.30
10130 200199 9172 2021 8 3065.25
10051 200188 9129 2021 10 4390.00
10145 200090 9186 2021 6 390.00
10120 200079 9030 2021 3 1320.00
10134 200230 9115 2021 4 3386.85
10086 200213 9099 2021 1 4430.00
10134 200230 9115 2021 3 3386.85
10008 200057 9139 2021 1 1065.30
10032 200152 9296 2020 12 1680.00
10085 200172 9489 2021 4 3577.80
10014 200106 9444 2020 9 4400.00
10183 200003 9108 2021 3 1195.95
10140 200191 9227 2021 4 1376.85
10103 200099 9081 2021 8 2462.25
10104 200202 9165 2021 8 770.00
10136 200236 9390 2021 9 1668.30
10083 200062 9233 2021 11 4070.00
10169 200103 9339 2021 9 3340.00
10187 200126 9488 2021 11 4190.85
10112 200038 9210 2021 10 2940.00
10148 200237 9351 2021 8 2420.00
10007 200104 9043 2021 9 3658.20
10173 200201 9073 2021 9 4440.00
10152 200102 9265 2021 4 522.60
10093 200233 9458 2021 9 1160.00
10038 200013 9331 2021 7 4430.00
10143 200096 9063 2020 8 4750.00
10102 200093 9265 2021 5 4030.05
10120 200079 9030 2021 9 1320.00
10020 200128 9438 2021 5 3758.70
10134 200025 9184 2021 10 1250.00
10070 200242 9011 2020 9 2240.00
10158 200141 9183 2020 6 2270.00
10119 200148 9291 2021 2 2351.70
10091 200183 9243 2021 6 1060.00
10008 200057 9139 2021 10 1065.30
10187 200170 9458 2021 1 2070.30
10065 200175 9316 2021 11 4000.00
10103 200184 9413 2021 2 452.25
10134 200124 9149 2020 7 3960.00
10091 200183 9243 2021 10 1060.00
10117 200030 9402 2021 8 890.00
10187 200126 9488 2021 5 4190.85
10192 200092 9411 2020 2 2230.00
10133 200009 9431 2021 11 3400.00
10091 200183 9243 2021 5 1060.00
10105 200245 9049 2021 3 4944.60
10148 200136 9492 2021 7 1700.00
10140 200191 9227 2020 9 1370.00
10028 200131 9012 2021 8 452.25
10130 200199 9172 2021 9 3065.25
10022 200040 9425 2020 11 3020.00
10102 200093 9265 2021 2 4030.05
10090 200203 9143 2021 11 2580.00
10114 200160 9291 2020 8 3200.00
10189 200080 9165 2021 2 4834.05
10112 200034 9194 2021 3 1587.90
10170 200028 9066 2020 12 4280.00
10010 200241 9222 2021 11 4490.00
10137 200149 9408 2021 8 3035.10
10105 200098 9451 2021 4 2452.20
10098 200142 9024 2021 11 3050.00
10083 200062 9233 2021 10 4070.00
10169 200103 9339 2021 11 3340.00
10156 200047 9224 2021 2 2401.95
10120 200181 9276 2021 11 2420.00
10113 200116 9069 2020 8 3210.00
10085 200187 9084 2020 11 1650.00
10173 200085 9189 2021 11 4950.00
10160 200051 9469 2020 10 2680.00
10148 200237 9351 2021 11 2420.00
10091 200225 9206 2021 2 4944.60
10119 200148 9291 2020 9 2340.00
10183 200003 9108 2020 7 1190.00
10055 200077 9272 2021 8 2490.00
10113 200116 9069 2020 10 3210.00
10067 200014 9166 2020 10 2060.00
10149 200097 9293 2021 4 2994.90
10060 200122 9381 2020 3 3750.00
10075 200027 9354 2020 12 1090.00
10184 200037 9010 2020 8 3830.00
10182 200036 9435 2020 10 840.00
10072 200150 9042 2021 4 5014.95
10136 200236 9390 2020 11 1660.00
10195 200130 9474 2021 6 4070.25
10054 200243 9415 2021 9 4090.00
10103 200049 9396 2020 12 1400.00
10184 200037 9010 2020 10 3830.00
10055 200078 9374 2020 4 4520.00
10078 200134 9065 2021 9 4170.00
10177 200189 9363 2021 11 3680.00
10077 200024 9226 2020 9 730.00
10022 200040 9425 2020 5 3020.00
10055 200077 9272 2021 6 2490.00
10090 200203 9143 2021 10 2580.00
10060 200221 9437 2020 11 3320.00
10199 200117 9055 2020 4 520.00
10183 200067 9132 2021 5 770.00
10043 200238 9405 2021 10 633.15
10067 200014 9166 2021 11 2070.30
10028 200131 9012 2021 5 452.25
10113 200116 9069 2020 12 3210.00
10007 200005 9116 2021 6 880.00
10187 200126 9488 2021 3 4190.85
10022 200040 9425 2021 6 3035.10
10148 200237 9351 2021 6 2420.00
10185 200138 9153 2021 4 3396.90
10158 200141 9183 2021 6 2281.35
10134 200247 9174 2020 3 4210.00
10105 200167 9289 2021 11 2210.00
10179 200143 9410 2021 8 4080.00
10112 200034 9194 2021 2 1587.90
10007 200005 9116 2021 7 880.00
10156 200047 9224 2021 9 2401.95
10189 200064 9009 2020 3 4370.00
10065 200070 9400 2021 9 1457.25
10078 200197 9384 2021 7 4740.00
10195 200060 9134 2021 5 783.90
10081 200228 9165 2021 2 4000.00
10159 200111 9074 2020 5 630.00
10119 200148 9291 2021 10 2351.70
10179 200240 9108 2020 12 4560.00
10070 200242 9011 2020 12 2240.00
10095 200033 9036 2021 10 1600.00
10097 200227 9485 2020 10 3420.00
10081 200228 9165 2021 5 4000.00
10033 200147 9086 2021 4 4341.60
10113 200116 9069 2020 11 3210.00
10038 200013 9331 2021 10 4430.00
10120 200079 9030 2021 10 1320.00
10097 200179 9008 2020 2 1510.00
10133 200114 9000 2020 7 980.00
10119 200148 9291 2020 10 2340.00
10138 200001 9293 2021 3 950.00
10145 200026 9046 2020 12 1390.00
10118 200073 9365 2021 6 1860.00
10069 200244 9340 2021 2 3400.00
10055 200077 9272 2021 4 2490.00
10179 200240 9108 2021 4 4582.80
10167 200006 9491 2021 10 2050.00
10107 200121 9229 2021 9 2170.00
10195 200060 9134 2021 8 783.90
10134 200247 9174 2020 8 4210.00
10113 200116 9069 2021 1 3226.05
10075 200027 9354 2020 10 1090.00
10104 200202 9165 2021 7 770.00
10170 200028 9066 2021 4 4301.40
10047 200044 9272 2020 11 1930.00
10179 200240 9108 2021 11 4582.80
10187 200126 9488 2021 2 4190.85
10133 200200 9414 2021 10 3889.35
10132 200208 9125 2021 10 2844.15
10061 200212 9276 2021 10 1230.00
10070 200022 9369 2021 11 1648.20
10182 200036 9435 2020 9 840.00
10060 200122 9381 2020 7 3750.00
10054 200243 9415 2021 5 4090.00
10129 200173 9485 2020 12 480.00
10033 200147 9086 2021 6 4341.60
10132 200208 9125 2021 2 2844.15
10177 200231 9154 2020 6 4990.00
10182 200140 9494 2020 11 3860.00
10086 200213 9099 2021 4 4430.00
10103 200099 9081 2020 10 2450.00
10055 200077 9272 2021 9 2490.00
10159 200111 9074 2020 6 630.00
10189 200080 9165 2021 5 4834.05
10185 200138 9153 2021 1 3396.90
10086 200065 9009 2021 10 4170.00
10193 200023 9181 2021 2 2552.70
10179 200240 9108 2021 6 4582.80
10192 200092 9411 2020 8 2230.00
10135 200015 9391 2021 10 3920.00
10167 200214 9445 2021 5 2874.30
10126 200135 9361 2021 3 1829.10
10020 200128 9438 2021 2 3758.70
10065 200175 9316 2021 10 4000.00
10134 200247 9174 2020 2 4210.00
10143 200082 9297 2021 11 2140.00
10023 200178 9107 2021 8 1145.70
10075 200027 9354 2021 3 1095.45
10086 200213 9099 2021 6 4430.00
10103 200099 9081 2021 6 2462.25
10054 200243 9415 2021 3 4090.00
10120 200079 9030 2021 4 1320.00
10133 200223 9105 2021 11 4160.00
10173 200085 9189 2021 9 4950.00
10002 200055 9432 2021 2 4231.05
10122 200139 9408 2020 12 2900.00
10183 200003 9108 2021 2 1195.95
10060 200122 9381 2020 12 3750.00
10030 200053 9346 2021 8 3130.00
10001 200246 9093 2021 5 1989.90
10132 200204 9333 2021 11 4400.00
10159 200111 9074 2021 3 633.15
10174 200165 9114 2021 6 2432.10
10133 200200 9414 2021 6 3889.35
10117 200019 9312 2021 7 1380.00
10177 200231 9154 2020 10 4990.00
10114 200160 9291 2020 10 3200.00
10182 200036 9435 2020 11 840.00
10195 200060 9134 2020 11 780.00
10007 200229 9260 2021 9 2210.00
10134 200247 9174 2021 3 4231.05
10067 200239 9251 2020 12 2500.00
10008 200057 9139 2020 12 1060.00
10107 200031 9114 2020 2 3360.00
10081 200228 9165 2021 10 4000.00
10081 200228 9165 2021 4 4000.00
10140 200191 9227 2021 2 1376.85
10007 200104 9043 2020 12 3640.00
10177 200189 9363 2021 10 3680.00
10154 200166 9497 2021 2 3969.75
10189 200080 9165 2020 11 4810.00
10069 200016 9070 2021 1 3658.20
10167 200214 9445 2021 4 2874.30
10113 200137 9475 2021 9 4290.00
10077 200024 9226 2021 5 733.65
10184 200194 9204 2021 6 2450.00
10001 200246 9093 2020 7 1980.00
10007 200005 9116 2021 11 880.00
10182 200140 9494 2020 6 3860.00
10145 200090 9186 2021 7 390.00
10050 200071 9497 2021 9 450.00
10048 200144 9335 2020 12 1470.00
10177 200234 9375 2021 9 3720.00
10020 200128 9438 2021 3 3758.70
10114 200160 9291 2021 6 3216.00
10043 200238 9405 2020 12 630.00
10002 200055 9432 2020 3 4210.00
10069 200244 9340 2021 3 3400.00
10023 200178 9107 2021 11 1145.70
10103 200184 9413 2021 11 452.25
10007 200005 9116 2021 9 880.00
10113 200116 9069 2020 7 3210.00
10115 200091 9371 2021 3 950.00
10149 200097 9293 2020 6 2980.00
10122 200139 9408 2021 2 2914.50
10140 200191 9227 2020 12 1370.00
10090 200146 9271 2021 8 3800.00
10110 200050 9235 2021 2 834.15
10183 200108 9115 2021 9 2710.00
10070 200022 9369 2020 8 1640.00
10054 200243 9415 2021 11 4090.00
10184 200194 9204 2021 5 2450.00
10043 200238 9405 2021 4 633.15
10177 200231 9154 2020 3 4990.00
10060 200122 9381 2020 1 3750.00
10086 200065 9009 2021 9 4170.00
10030 200076 9043 2021 6 3870.00
10195 200060 9134 2021 11 783.90
10159 200111 9074 2021 1 633.15
10002 200061 9216 2021 11 3145.65
10075 200027 9354 2021 10 1095.45
10182 200140 9494 2020 9 3860.00
10038 200011 9470 2021 5 2160.00
10065 200070 9400 2021 3 1457.25
10135 200015 9391 2021 9 3920.00
10136 200236 9390 2020 8 1660.00
10083 200211 9319 2021 6 700.00
10113 200116 9069 2020 5 3210.00
10029 200151 9168 2020 3 1750.00
10030 200053 9346 2021 9 3130.00
10143 200096 9063 2020 11 4750.00
10136 200100 9174 2021 8 810.00
10105 200098 9451 2020 7 2440.00
10173 200201 9073 2021 11 4440.00
10133 200223 9105 2021 9 4160.00
10061 200113 9362 2021 7 2592.90
10113 200226 9341 2021 4 3960.00
10173 200085 9189 2021 5 4950.00
10088 200110 9180 2020 2 1260.00
10014 200106 9444 2021 2 4422.00
10083 200211 9319 2021 4 700.00
10067 200169 9231 2021 3 1286.40
10060 200122 9381 2020 2 3750.00
10156 200047 9224 2021 1 2401.95
10134 200230 9115 2021 9 3386.85
10173 200085 9189 2021 4 4950.00
10038 200011 9470 2021 4 2160.00
10145 200026 9046 2021 2 1396.95
10001 200246 9093 2021 4 1989.90
10134 200124 9149 2020 8 3960.00
10062 200195 9166 2020 6 4740.00
10099 200084 9158 2020 9 2590.00
10107 200031 9114 2021 4 3376.80
10059 200180 9136 2020 6 2290.00
10097 200227 9485 2020 9 3420.00
10008 200057 9139 2021 11 1065.30
10097 200227 9485 2021 3 3437.10
10002 200061 9216 2021 1 3145.65
10132 200204 9333 2021 6 4400.00
10084 200035 9398 2021 11 1770.00
10059 200180 9136 2020 3 2290.00
10123 200056 9125 2020 11 2780.00
10189 200080 9165 2021 4 4834.05
10113 200116 9069 2021 5 3226.05
10192 200092 9411 2020 12 2230.00
10130 200199 9172 2021 4 3065.25
10077 200024 9226 2020 7 730.00
10001 200246 9093 2021 3 1989.90
10069 200244 9340 2021 7 3400.00
10119 200148 9291 2021 4 2351.70
10066 200074 9130 2021 3 2623.05
10143 200029 9179 2021 8 3899.40
10114 200160 9291 2021 3 3216.00
10046 200081 9014 2021 10 2240.00
10002 200061 9216 2021 2 3145.65
10070 200242 9011 2020 8 2240.00
10103 200099 9081 2021 9 2462.25
10038 200013 9331 2021 4 4430.00
10126 200135 9361 2020 11 1820.00
10043 200238 9405 2021 7 633.15
10183 200003 9108 2021 5 1195.95
10149 200097 9293 2020 12 2980.00
10060 200042 9198 2021 8 2620.00
10030 200053 9346 2021 10 3130.00
10126 200135 9361 2021 6 1829.10
10029 200151 9168 2021 5 1758.75
10112 200034 9194 2020 10 1580.00
10105 200245 9049 2021 1 4944.60
10105 200245 9049 2020 8 4920.00
10193 200023 9181 2021 5 2552.70
10072 200150 9042 2020 4 4990.00
10138 200001 9293 2021 1 950.00
10110 200046 9243 2021 6 3025.05
10071 200105 9163 2020 10 4480.00
10085 200232 9280 2021 3 2522.55
10038 200013 9331 2021 8 4430.00
10103 200184 9413 2021 10 452.25
10110 200050 9235 2021 1 834.15
10075 200017 9463 2020 3 910.00
10022 200040 9425 2021 8 3035.10
10003 200198 9452 2021 11 4240.00
10121 200174 9104 2021 3 2890.00
10195 200130 9474 2021 2 4070.25
10123 200056 9125 2020 8 2780.00
10075 200027 9354 2020 11 1090.00
10062 200195 9166 2020 4 4740.00
10143 200029 9179 2021 3 3899.40
10105 200245 9049 2021 2 4944.60
10091 200225 9206 2021 4 4944.60

10070 200022 9369 2020 10 1640.00
10065 200070 9400 2021 2 1457.25
10158 200141 9183 2020 11 2270.00
10143 200082 9297 2021 10 2140.00
10100 200207 9223 2020 9 1080.00
10047 200044 9272 2020 4 1930.00
10015 200021 9038 2020 1 1400.00
10195 200130 9474 2020 5 4050.00
10059 200088 9461 2021 11 2760.00
10093 200161 9451 2021 11 4810.00
10110 200046 9243 2021 1 3025.05
10130 200199 9172 2021 6 3065.25
10132 200204 9333 2021 2 4400.00
10107 200031 9114 2021 3 3376.80
10030 200076 9043 2021 11 3870.00
10145 200090 9186 2021 9 390.00
10023 200178 9107 2021 9 1145.70
10112 200038 9210 2021 6 2940.00
10170 200028 9066 2021 5 4301.40
10187 200170 9458 2020 12 2060.00
10022 200040 9425 2020 2 3020.00
10071 200105 9163 2021 1 4502.40
10097 200227 9485 2021 4 3437.10
10103 200184 9413 2021 5 452.25
10070 200022 9369 2020 9 1640.00
10113 200087 9070 2021 3 4500.00
10146 200133 9194 2020 5 650.00
10054 200205 9415 2021 3 2673.30
10049 200008 9195 2020 5 1120.00
10100 200207 9223 2021 4 1085.40
10152 200109 9131 2021 10 3620.00
10195 200060 9134 2021 9 783.90
10020 200128 9438 2020 8 3740.00
10105 200245 9049 2020 11 4920.00
10086 200213 9099 2021 5 4430.00
10085 200232 9280 2020 4 2510.00
10158 200141 9183 2021 5 2281.35
10114 200160 9291 2021 4 3216.00
10136 200236 9390 2021 5 1668.30
10006 200012 9226 2020 12 2700.00
10085 200172 9489 2020 8 3560.00
10085 200232 9280 2020 5 2510.00
10015 200052 9070 2021 10 4420.00
10177 200231 9154 2020 11 4990.00
10001 200246 9093 2021 10 1989.90
10136 200236 9390 2021 7 1668.30
10006 200155 9131 2020 5 2930.00
10030 200076 9043 2021 8 3870.00
10060 200122 9381 2020 8 3750.00
10008 200057 9139 2021 5 1065.30
10067 200169 9231 2021 1 1286.40
10114 200160 9291 2021 2 3216.00
10023 200178 9107 2020 7 1140.00
10060 200122 9381 2020 10 3750.00
10193 200023 9181 2021 7 2552.70
10059 200180 9136 2020 11 2290.00
10088 200110 9180 2020 7 1260.00
10134 200230 9115 2021 8 3386.85
10133 200114 9000 2020 8 980.00
10099 200069 9362 2021 8 2773.80
10107 200031 9114 2020 12 3360.00
10029 200151 9168 2020 8 1750.00
10049 200008 9195 2021 1 1125.60
10043 200238 9405 2021 1 633.15
10112 200034 9194 2020 8 1580.00
10066 200248 9044 2020 5 900.00
10145 200026 9046 2021 8 1396.95
10134 200124 9149 2020 5 3960.00
10179 200240 9108 2021 9 4582.80
10003 200198 9452 2021 10 4240.00
10149 200097 9293 2021 5 2994.90
10196 200132 9079 2021 11 3940.00
10049 200008 9195 2020 12 1120.00
10020 200128 9438 2020 10 3740.00
10015 200052 9070 2021 7 4420.00
10052 200007 9108 2021 11 4470.00
10061 200113 9362 2020 12 2580.00
10066 200074 9130 2021 1 2623.05
10133 200196 9497 2021 3 3680.00
10003 200206 9271 2020 11 3280.00
10093 200161 9451 2021 9 4810.00
10145 200026 9046 2021 1 1396.95
10187 200126 9488 2021 10 4190.85
10060 200122 9381 2020 11 3750.00
10174 200165 9114 2021 11 2432.10
10049 200008 9195 2020 6 1120.00
10002 200061 9216 2021 4 3145.65
10070 200242 9011 2020 2 2240.00
10047 200044 9272 2020 9 1930.00
10065 200175 9316 2021 8 4000.00
10088 200110 9180 2020 6 1260.00
10134 200230 9115 2021 11 3386.85
10167 200214 9445 2020 9 2860.00
10081 200171 9075 2021 6 4120.00
10001 200246 9093 2021 11 1989.90
10148 200237 9351 2021 7 2420.00
10091 200183 9243 2021 9 1060.00
10122 200139 9408 2021 6 2914.50
10167 200123 9344 2021 11 2150.00
10145 200090 9186 2021 5 390.00
10106 200153 9469 2021 11 370.00
10067 200239 9251 2021 4 2512.50
10192 200112 9055 2021 11 1490.00
10130 200199 9172 2020 10 3050.00
10134 200247 9174 2021 5 4231.05
10119 200119 9003 2021 10 900.00
10067 200014 9166 2021 4 2070.30
10003 200206 9271 2020 10 3280.00
10182 200036 9435 2020 8 840.00
10020 200218 9023 2021 6 3280.00
10173 200085 9189 2021 6 4950.00
10030 200076 9043 2021 2 3870.00
10177 200189 9363 2021 7 3680.00
10032 200152 9296 2020 10 1680.00
10038 200011 9470 2021 9 2160.00
10069 200244 9340 2021 6 3400.00
10065 200070 9400 2021 4 1457.25
10054 200205 9415 2020 7 2660.00
10102 200093 9265 2021 9 4030.05
10100 200207 9223 2020 11 1080.00
10177 200231 9154 2020 2 4990.00
10094 200192 9031 2021 8 4820.00
10067 200014 9166 2020 9 2060.00
10002 200061 9216 2021 10 3145.65
10182 200140 9494 2020 5 3860.00
10090 200203 9143 2021 8 2580.00
10085 200232 9280 2021 6 2522.55
10149 200097 9293 2021 2 2994.90
10072 200150 9042 2020 5 4990.00
10162 200032 9375 2021 11 670.00
10023 200178 9107 2021 4 1145.70
10154 200166 9497 2020 12 3950.00
10195 200130 9474 2020 3 4050.00
10132 200208 9125 2021 1 2844.15
10121 200224 9253 2020 6 4610.00
10072 200150 9042 2021 2 5014.95
10136 200100 9174 2021 9 810.00
10008 200057 9139 2020 9 1060.00
10179 200240 9108 2021 10 4582.80
10189 200080 9165 2020 3 4810.00
10099 200069 9362 2021 9 2773.80
10050 200071 9497 2021 4 450.00
10067 200014 9166 2020 8 2060.00
10103 200184 9413 2021 9 452.25
10100 200207 9223 2020 8 1080.00
10075 200027 9354 2021 2 1095.45
10156 200047 9224 2021 10 2401.95
10118 200073 9365 2021 9 1860.00
10065 200070 9400 2021 5 1457.25
10085 200172 9489 2020 7 3560.00
10140 200191 9227 2020 4 1370.00
10028 200131 9012 2021 4 452.25
10159 200111 9074 2020 1 630.00
10023 200178 9107 2020 8 1140.00
10065 200175 9316 2021 9 4000.00
10107 200031 9114 2020 8 3360.00
10032 200152 9296 2020 9 1680.00
10066 200074 9130 2020 6 2610.00
10104 200202 9165 2021 11 770.00
10141 200107 9279 2020 7 4900.00
10085 200232 9280 2020 10 2510.00
10078 200197 9384 2021 8 4740.00
10193 200023 9181 2020 9 2540.00
10136 200100 9174 2021 6 810.00
10110 200046 9243 2020 12 3010.00
10183 200067 9132 2021 10 770.00
10067 200186 9039 2020 9 4620.00
10072 200150 9042 2021 3 5014.95
10051 200188 9129 2021 5 4390.00
10158 200141 9183 2020 7 2270.00
10167 200214 9445 2020 11 2860.00
10121 200174 9104 2021 6 2890.00
10184 200037 9010 2020 7 3830.00
10154 200166 9497 2020 4 3950.00
10167 200214 9445 2021 8 2874.30
10105 200098 9451 2021 2 2452.20
10137 200149 9408 2021 2 3035.10
10145 200026 9046 2021 6 1396.95
10123 200056 9125 2021 1 2793.90
10159 200111 9074 2020 4 630.00
10143 200029 9179 2021 5 3899.40
10046 200081 9014 2021 9 2240.00
10030 200076 9043 2021 7 3870.00
10150 200164 9096 2021 1 430.00
10009 200018 9199 2021 1 2300.00
10032 200152 9296 2020 8 1680.00
10029 200151 9168 2020 6 1750.00
10075 200027 9354 2020 9 1090.00
10001 200246 9093 2020 10 1980.00
10187 200126 9488 2020 12 4170.00
10081 200171 9075 2021 5 4120.00
10049 200008 9195 2020 7 1120.00
10085 200187 9084 2021 7 1658.25
10179 200240 9108 2020 8 4560.00
10140 200191 9227 2020 6 1370.00
10110 200046 9243 2021 2 3025.05
10085 200172 9489 2020 5 3560.00
10028 200131 9012 2021 11 452.25
10067 200014 9166 2021 5 2070.30
10022 200040 9425 2021 3 3035.10
10159 200111 9074 2021 5 633.15
10022 200040 9425 2021 9 3035.10
10136 200236 9390 2021 6 1668.30
10167 200006 9491 2021 7 2050.00
10081 200228 9165 2021 9 4000.00
10167 200006 9491 2021 5 2050.00
10122 200139 9408 2021 5 2914.50
10029 200176 9340 2021 10 4060.00
10178 200145 9245 2021 10 3750.00
10105 200098 9451 2021 1 2452.20
10029 200151 9168 2021 4 1758.75
10134 200230 9115 2020 12 3370.00
10143 200096 9063 2020 6 4750.00
10145 200090 9186 2021 3 390.00
10136 200236 9390 2021 2 1668.30
10179 200240 9108 2021 3 4582.80
10038 200089 9057 2021 8 2680.00
10077 200024 9226 2021 7 733.65
10113 200226 9341 2021 1 3960.00
10174 200165 9114 2021 4 2432.10
10159 200111 9074 2020 10 630.00
10120 200181 9276 2021 9 2420.00
10107 200031 9114 2020 3 3360.00
10066 200074 9130 2021 7 2623.05
10072 200150 9042 2020 7 4990.00
10077 200024 9226 2021 8 733.65
10112 200038 9210 2021 11 2940.00
10088 200110 9180 2020 12 1260.00
10177 200231 9154 2020 4 4990.00
10098 200068 9283 2020 10 4740.00
10114 200160 9291 2020 11 3200.00
10094 200192 9031 2021 11 4820.00
10158 200141 9183 2020 8 2270.00
10088 200110 9180 2020 11 1260.00
10002 200217 9042 2020 10 3240.00
10066 200074 9130 2020 5 2610.00
10091 200225 9206 2021 1 4944.60
10017 200120 9467 2021 11 830.00
10010 200241 9222 2021 10 4490.00
10119 200148 9291 2021 1 2351.70
10002 200061 9216 2020 11 3130.00
10137 200149 9408 2020 11 3020.00
10050 200071 9497 2021 10 450.00
10113 200116 9069 2021 7 3226.05
10002 200055 9432 2020 6 4210.00
10159 200111 9074 2021 7 633.15
10187 200170 9458 2021 3 2070.30
10022 200040 9425 2021 4 3035.10
10054 200205 9415 2021 4 2673.30
10085 200232 9280 2020 12 2510.00
10093 200233 9458 2021 11 1160.00
10066 200074 9130 2020 12 2610.00
10134 200025 9184 2021 9 1250.00
10038 200011 9470 2021 2 2160.00
10072 200150 9042 2020 12 4990.00
10062 200195 9166 2020 5 4740.00
10066 200074 9130 2020 11 2610.00
10156 200047 9224 2021 7 2401.95
10070 200242 9011 2020 11 2240.00
10029 200151 9168 2020 11 1750.00
10167 200214 9445 2021 3 2874.30
10177 200231 9154 2021 2 5014.95
10184 200037 9010 2020 9 3830.00
10086 200213 9099 2021 11 4430.00
10143 200029 9179 2021 7 3899.40
10028 200131 9012 2021 1 452.25
10002 200055 9432 2020 12 4210.00
10099 200069 9362 2020 11 2760.00
10102 200093 9265 2021 4 4030.05
10067 200239 9251 2021 7 2512.50
10199 200117 9055 2020 12 520.00
10054 200243 9415 2021 6 4090.00
10189 200080 9165 2020 8 4810.00
10038 200011 9470 2021 6 2160.00
10072 200150 9042 2020 9 4990.00
10119 200148 9291 2021 9 2351.70
10020 200128 9438 2021 6 3758.70
10113 200116 9069 2021 9 3226.05
10145 200026 9046 2020 10 1390.00
10103 200099 9081 2021 7 2462.25
10013 200043 9355 2021 10 620.00
10183 200003 9108 2021 9 1195.95
10030 200076 9043 2021 10 3870.00
10033 200147 9086 2021 8 4341.60
10196 200063 9003 2021 8 1070.00
10112 200034 9194 2021 4 1587.90
10102 200093 9265 2021 11 4030.05
10115 200157 9045 2020 10 3140.00
10152 200109 9131 2021 9 3620.00
10007 200005 9116 2021 8 880.00
10038 200013 9331 2021 6 4430.00
10085 200187 9084 2021 8 1658.25
10022 200040 9425 2020 12 3020.00
10072 200150 9042 2021 7 5014.95
10137 200149 9408 2021 5 3035.10
10103 200049 9396 2021 7 1407.00
10192 200092 9411 2020 11 2230.00
10141 200107 9279 2020 6 4900.00
10100 200207 9223 2021 7 1085.40
10105 200167 9289 2021 5 2210.00
10084 200035 9398 2021 10 1770.00
10199 200117 9055 2021 1 522.60
10085 200172 9489 2021 2 3577.80
10007 200104 9043 2021 10 3658.20
10195 200130 9474 2020 10 4050.00
10054 200243 9415 2021 7 4090.00
10195 200060 9134 2021 2 783.90
10061 200212 9276 2021 11 1230.00
10034 200000 9094 2021 10 4910.00
10071 200105 9163 2021 3 4502.40
10061 200113 9362 2021 9 2592.90
10113 200087 9070 2021 6 4500.00
10062 200195 9166 2020 10 4740.00
10169 200103 9339 2021 5 3340.00
10048 200144 9335 2021 2 1477.35
10007 200005 9116 2021 5 880.00
10086 200213 9099 2021 10 4430.00
10113 200137 9475 2021 8 4290.00
10162 200032 9375 2021 9 670.00
10148 200136 9492 2021 11 1700.00
10077 200075 9426 2020 12 3270.00
10138 200001 9293 2021 5 950.00
10075 200017 9463 2020 4 910.00
10113 200116 9069 2021 11 3226.05
10136 200236 9390 2020 9 1660.00
10002 200217 9042 2020 5 3240.00
10103 200049 9396 2021 1 1407.00
10013 200043 9355 2021 11 620.00
10054 200205 9415 2021 1 2673.30
10156 200047 9224 2020 12 2390.00
10038 200089 9057 2021 3 2680.00
10146 200133 9194 2020 9 650.00
10195 200130 9474 2020 1 4050.00
10143 200082 9297 2021 9 2140.00
10143 200222 9406 2021 10 1070.00
10158 200141 9183 2020 12 2270.00
10145 200026 9046 2020 7 1390.00
10038 200089 9057 2021 4 2680.00
10059 200180 9136 2020 7 2290.00
10007 200229 9260 2021 8 2210.00
10134 200247 9174 2021 8 4231.05
10060 200122 9381 2020 9 3750.00
10047 200044 9272 2020 6 1930.00
10043 200058 9085 2021 6 830.00
10002 200055 9432 2020 8 4210.00
10099 200069 9362 2021 4 2773.80
10037 200156 9396 2020 9 3100.00
10129 200173 9485 2021 9 482.40
10133 200200 9414 2021 8 3889.35
10061 200113 9362 2021 6 2592.90
10061 200113 9362 2021 3 2592.90
10085 200187 9084 2021 10 1658.25
10003 200206 9271 2020 12 3280.00
10075 200220 9374 2021 9 3290.00
10100 200207 9223 2021 9 1085.40
10134 200025 9184 2021 8 1250.00
10129 200190 9183 2021 10 3250.00
10113 200226 9341 2021 2 3960.00
10183 200003 9108 2021 7 1195.95
10059 200180 9136 2020 9 2290.00
10086 200213 9099 2021 9 4430.00
10000 200118 9062 2021 11 1140.00
10193 200023 9181 2021 9 2552.70
10077 200024 9226 2021 10 733.65
10066 200074 9130 2020 9 2610.00
10097 200179 9008 2020 5 1510.00
10179 200240 9108 2020 6 4560.00
10158 200141 9183 2021 9 2281.35
10002 200055 9432 2020 4 4210.00
10110 200046 9243 2021 4 3025.05
10179 200048 9460 2020 12 3470.00
10054 200205 9415 2020 6 2660.00
10067 200014 9166 2021 3 2070.30
10133 200223 9105 2021 10 4160.00
10174 200165 9114 2021 8 2432.10
10117 200019 9312 2021 9 1380.00
10129 200173 9485 2021 5 482.40
10167 200006 9491 2021 6 2050.00
10102 200093 9265 2021 6 4030.05
10105 200245 9049 2020 7 4920.00
10070 200242 9011 2020 6 2240.00
10112 200038 9210 2021 3 2940.00
10065 200070 9400 2021 6 1457.25
10130 200199 9172 2020 12 3050.00
10048 200144 9335 2021 1 1477.35
10140 200191 9227 2020 5 1370.00
10090 200146 9271 2021 10 3800.00
10133 200200 9414 2021 3 3889.35
10014 200106 9444 2020 10 4400.00
10145 200026 9046 2020 9 1390.00
10069 200244 9340 2021 1 3400.00
10183 200003 9108 2021 4 1195.95
10032 200152 9296 2021 2 1688.40
10189 200080 9165 2020 6 4810.00
10029 200151 9168 2020 7 1750.00
10121 200174 9104 2021 1 2890.00
10112 200038 9210 2021 8 2940.00
10122 200139 9408 2021 3 2914.50
10174 200165 9114 2021 7 2432.10
10183 200108 9115 2021 11 2710.00
10067 200014 9166 2021 6 2070.30
10047 200044 9272 2020 3 1930.00
10112 200034 9194 2020 9 1580.00
10156 200047 9224 2020 11 2390.00
10171 200066 9210 2021 8 2670.00
10120 200079 9030 2021 2 1320.00
10107 200031 9114 2021 8 3376.80
10145 200026 9046 2021 7 1396.95
10184 200219 9364 2020 5 4030.00
10173 200085 9189 2021 10 4950.00
10138 200001 9293 2021 7 950.00
10075 200027 9354 2020 6 1090.00
10132 200208 9125 2021 9 2844.15
10067 200169 9231 2021 2 1286.40
10177 200231 9154 2020 1 4990.00
10066 200074 9130 2020 8 2610.00
10007 200104 9043 2021 1 3658.20
10066 200074 9130 2020 7 2610.00
10043 200238 9405 2021 3 633.15
10123 200056 9125 2020 10 2780.00
10043 200058 9085 2021 11 830.00
10102 200093 9265 2021 3 4030.05
10182 200140 9494 2020 4 3860.00
10006 200158 9283 2021 11 4120.00
10099 200210 9283 2021 5 1310.00
10103 200184 9413 2021 8 452.25
10126 200249 9142 2021 11 4620.00
10120 200079 9030 2021 7 1320.00
10014 200106 9444 2020 12 4400.00
10001 200246 9093 2020 9 1980.00
10174 200165 9114 2020 11 2420.00
10097 200179 9008 2020 6 1510.00
10002 200061 9216 2021 8 3145.65
10174 200165 9114 2021 3 2432.10
10126 200249 9142 2021 10 4620.00
10099 200069 9362 2020 10 2760.00
10145 200026 9046 2021 11 1396.95
10126 200135 9361 2021 2 1829.10
10002 200217 9042 2020 6 3240.00
10029 200151 9168 2020 4 1750.00
10051 200188 9129 2021 11 4390.00
10122 200139 9408 2021 1 2914.50
10183 200003 9108 2020 10 1190.00
10156 200047 9224 2021 5 2401.95
10134 200230 9115 2021 10 3386.85
10170 200028 9066 2021 2 4301.40
10085 200232 9280 2020 8 2510.00
10177 200234 9375 2021 10 3720.00
10071 200105 9163 2020 4 4480.00
10060 200221 9437 2021 1 3336.60
10097 200227 9485 2020 12 3420.00
10110 200050 9235 2020 12 830.00
10090 200203 9143 2021 9 2580.00
10113 200226 9341 2021 5 3960.00
10014 200106 9444 2020 8 4400.00
10169 200103 9339 2021 10 3340.00
10129 200173 9485 2021 4 482.40
10136 200100 9174 2021 7 810.00
10113 200137 9475 2021 4 4290.00
10189 200080 9165 2020 2 4810.00
10029 200151 9168 2020 1 1750.00
10171 200066 9210 2021 11 2670.00
10103 200099 9081 2021 4 2462.25
10070 200242 9011 2020 7 2240.00
10130 200199 9172 2020 11 3050.00
10099 200069 9362 2021 6 2773.80
10113 200137 9475 2021 10 4290.00
10137 200149 9408 2021 9 3035.10
10134 200247 9174 2020 7 4210.00
10126 200135 9361 2021 10 1829.10
10141 200107 9279 2020 4 4900.00
10156 200047 9224 2021 11 2401.95
10187 200126 9488 2021 6 4190.85
10140 200191 9227 2020 7 1370.00
10150 200164 9096 2021 3 430.00
10117 200072 9144 2021 11 680.00
10136 200236 9390 2021 3 1668.30
10090 200146 9271 2021 11 3800.00
10099 200210 9283 2021 4 1310.00
10156 200047 9224 2021 6 2401.95
10023 200178 9107 2021 1 1145.70
10113 200087 9070 2021 7 4500.00
10085 200232 9280 2021 9 2522.55
10085 200172 9489 2020 11 3560.00
10048 200144 9335 2020 11 1470.00
10134 200247 9174 2020 9 4210.00
10085 200232 9280 2020 7 2510.00
10192 200092 9411 2020 5 2230.00
10105 200167 9289 2021 9 2210.00
10020 200218 9023 2021 4 3280.00
10006 200155 9131 2020 8 2930.00
10038 200089 9057 2021 6 2680.00
10141 200107 9279 2020 5 4900.00
10070 200022 9369 2020 12 1640.00
10192 200112 9055 2021 8 1490.00
10105 200245 9049 2021 7 4944.60
10196 200063 9003 2021 10 1070.00
10002 200217 9042 2020 9 3240.00
10187 200170 9458 2020 11 2060.00
10173 200201 9073 2021 5 4440.00
10099 200210 9283 2021 8 1310.00
10020 200128 9438 2021 8 3758.70
10179 200048 9460 2020 11 3470.00
10183 200003 9108 2021 11 1195.95
10122 200139 9408 2021 4 2914.50
10187 200170 9458 2021 5 2070.30
10085 200172 9489 2020 12 3560.00
10118 200073 9365 2021 7 1860.00
10043 200058 9085 2021 10 830.00
10075 200027 9354 2021 7 1095.45
10183 200067 9132 2021 7 770.00
10118 200073 9365 2021 5 1860.00
10189 200080 9165 2020 1 4810.00
10178 200145 9245 2021 11 3750.00
10085 200187 9084 2021 3 1658.25
10148 200237 9351 2021 10 2420.00
10086 200213 9099 2021 7 4430.00
10178 200145 9245 2021 9 3750.00
10136 200236 9390 2021 10 1668.30
10134 200247 9174 2020 1 4210.00
10023 200178 9107 2021 5 1145.70
10170 200028 9066 2021 3 4301.40
10014 200106 9444 2020 6 4400.00
10028 200131 9012 2020 12 450.00
10085 200187 9084 2021 11 1658.25
10091 200225 9206 2020 10 4920.00
10117 200072 9144 2021 8 680.00
10189 200080 9165 2020 7 4810.00
10120 200181 9276 2021 6 2420.00
10014 200106 9444 2020 11 4400.00
10099 200210 9283 2021 11 1310.00
10162 200032 9375 2021 8 670.00
10107 200031 9114 2020 7 3360.00
10178 200145 9245 2021 8 3750.00
10137 200149 9408 2021 7 3035.10
10091 200225 9206 2020 11 4920.00
10177 200231 9154 2020 9 4990.00
10174 200165 9114 2021 2 2432.10
10085 200172 9489 2021 1 3577.80
10136 200100 9174 2021 5 810.00
10179 200143 9410 2021 10 4080.00
10066 200074 9130 2021 4 2623.05
10078 200134 9065 2021 10 4170.00
10047 200044 9272 2020 2 1930.00
10121 200174 9104 2021 7 2890.00
10065 200070 9400 2021 10 1457.25
10070 200022 9369 2021 3 1648.20
10031 200163 9353 2021 10 3480.00
10192 200092 9411 2020 10 2230.00
10023 200178 9107 2020 11 1140.00
10062 200195 9166 2020 7 4740.00
10000 200118 9062 2021 8 1140.00
10070 200242 9011 2020 3 2240.00
10078 200197 9384 2021 9 4740.00
10072 200150 9042 2021 8 5014.95
10140 200191 9227 2021 3 1376.85
10173 200085 9189 2021 2 4950.00
10072 200150 9042 2020 6 4990.00
10032 200152 9296 2020 7 1680.00
10081 200171 9075 2021 7 4120.00
10007 200104 9043 2021 4 3658.20
10192 200092 9411 2020 3 2230.00
10118 200073 9365 2021 10 1860.00
10156 200047 9224 2021 4 2401.95
10033 200147 9086 2021 10 4341.60
10091 200225 9206 2020 9 4920.00
10141 200107 9279 2020 3 4900.00
10183 200003 9108 2020 11 1190.00
10051 200188 9129 2021 6 4390.00
10187 200126 9488 2021 4 4190.85
10099 200069 9362 2020 12 2760.00
10070 200242 9011 2021 4 2251.20
10169 200103 9339 2021 7 3340.00
10195 200130 9474 2020 12 4050.00
10130 200199 9172 2021 3 3065.25
10195 200130 9474 2020 7 4050.00
10143 200029 9179 2021 2 3899.40
10134 200124 9149 2020 9 3960.00
10085 200172 9489 2020 4 3560.00
10136 200236 9390 2021 1 1668.30
10132 200208 9125 2021 5 2844.15
10183 200003 9108 2021 10 1195.95
10038 200011 9470 2021 1 2160.00
10043 200238 9405 2021 5 633.15
10060 200122 9381 2020 6 3750.00
10085 200187 9084 2021 1 1658.25
10187 200126 9488 2020 11 4170.00
10171 200066 9210 2021 10 2670.00
10081 200171 9075 2021 11 4120.00
10105 200245 9049 2020 10 4920.00
10130 200199 9172 2021 11 3065.25
10043 200238 9405 2021 2 633.15
10134 200247 9174 2021 4 4231.05
10072 200150 9042 2021 9 5014.95
10146 200133 9194 2020 6 650.00
10152 200102 9265 2021 3 522.60
10103 200049 9396 2021 2 1407.00
10085 200187 9084 2020 12 1650.00
10169 200103 9339 2021 3 3340.00
10055 200086 9471 2020 11 3020.00
10038 200011 9470 2021 10 2160.00
10029 200151 9168 2021 7 1758.75
10054 200205 9415 2020 12 2660.00
10120 200181 9276 2021 10 2420.00
10143 200096 9063 2020 7 4750.00
10007 200104 9043 2021 8 3658.20
10030 200076 9043 2021 5 3870.00
10028 200131 9012 2021 6 452.25
10100 200207 9223 2021 2 1085.40
10038 200089 9057 2021 5 2680.00
10134 200247 9174 2021 6 4231.05
10117 200072 9144 2021 9 680.00
10008 200057 9139 2020 10 1060.00
10195 200130 9474 2020 8 4050.00
10132 200208 9125 2021 7 2844.15
10097 200227 9485 2021 1 3437.10
10184 200037 9010 2020 6 3830.00
10134 200247 9174 2020 4 4210.00
10075 200027 9354 2021 8 1095.45
10032 200182 9478 2021 8 1680.00
10167 200123 9344 2021 10 2150.00
10002 200061 9216 2020 9 3130.00
10122 200139 9408 2021 8 2914.50
10145 200090 9186 2021 4 390.00
10102 200093 9265 2021 7 4030.05
10199 200216 9210 2020 9 1610.00
10177 200231 9154 2020 7 4990.00
10007 200104 9043 2021 2 3658.20
10140 200191 9227 2020 8 1370.00
10193 200023 9181 2021 10 2552.70
10110 200050 9235 2020 11 830.00
10015 200021 9038 2020 2 1400.00
10064 200041 9476 2021 11 3130.00
10038 200013 9331 2021 11 4430.00
10143 200096 9063 2020 9 4750.00
10071 200105 9163 2021 2 4502.40
10117 200072 9144 2021 6 680.00
10129 200173 9485 2021 11 482.40
10189 200064 9009 2020 5 4370.00
10071 200105 9163 2020 5 4480.00
10199 200117 9055 2020 5 520.00
10038 200011 9470 2021 7 2160.00
10122 200139 9408 2021 9 2914.50
10075 200027 9354 2021 6 1095.45
10126 200249 9142 2021 9 4620.00
10153 200101 9336 2020 7 430.00
10103 200099 9081 2021 11 2462.25
10055 200077 9272 2021 5 2490.00
10152 200102 9265 2021 6 522.60
10143 200082 9297 2021 8 2140.00
10143 200029 9179 2021 1 3899.40
10181 200215 9414 2021 11 1160.00
10038 200089 9057 2021 11 2680.00
10100 200207 9223 2021 8 1085.40
10173 200201 9073 2021 7 4440.00
10156 200047 9224 2021 8 2401.95
10043 200238 9405 2021 11 633.15
10195 200130 9474 2021 8 4070.25
10159 200111 9074 2020 3 630.00
10106 200153 9469 2021 8 370.00
10119 200148 9291 2020 8 2340.00
10174 200165 9114 2021 5 2432.10
10193 200023 9181 2020 11 2540.00
10093 200161 9451 2021 10 4810.00
10081 200228 9165 2021 6 4000.00
10054 200205 9415 2020 5 2660.00
10002 200055 9432 2021 1 4231.05
10135 200015 9391 2021 11 3920.00
10195 200060 9134 2021 3 783.90
10199 200117 9055 2020 3 520.00
10113 200116 9069 2021 3 3226.05
10075 200027 9354 2020 5 1090.00
10022 200040 9425 2020 3 3020.00
10067 200014 9166 2021 7 2070.30
10129 200173 9485 2021 8 482.40
10015 200021 9038 2020 3 1400.00
10078 200197 9384 2021 10 4740.00
10033 200147 9086 2020 12 4320.00
10023 200178 9107 2021 6 1145.70
10107 200121 9229 2021 8 2170.00
10001 200246 9093 2020 12 1980.00
10119 200148 9291 2021 3 2351.70
10199 200216 9210 2020 11 1610.00
10177 200231 9154 2020 8 4990.00
10192 200112 9055 2021 7 1490.00
10106 200153 9469 2021 10 370.00
10022 200040 9425 2021 5 3035.10
10066 200248 9044 2020 6 900.00
10133 200200 9414 2021 11 3889.35
10061 200113 9362 2021 4 2592.90
10070 200242 9011 2020 5 2240.00
10093 200233 9458 2021 10 1160.00
10145 200090 9186 2021 11 390.00
10049 200008 9195 2020 11 1120.00
10085 200232 9280 2020 6 2510.00
10071 200105 9163 2020 8 4480.00
10100 200207 9223 2020 6 1080.00
10020 200128 9438 2021 1 3758.70
10114 200160 9291 2021 9 3216.00
10103 200184 9413 2021 6 452.25
10179 200240 9108 2021 2 4582.80
10187 200170 9458 2020 9 2060.00
10167 200214 9445 2021 6 2874.30
10075 200220 9374 2021 11 3290.00
10192 200092 9411 2021 2 2241.15
10149 200097 9293 2021 6 2994.90
10112 200038 9210 2021 5 2940.00
10185 200138 9153 2021 5 3396.90
10002 200055 9432 2021 3 4231.05
10107 200031 9114 2021 5 3376.80
10195 200060 9134 2021 1 783.90
10055 200078 9374 2020 5 4520.00
10113 200137 9475 2021 11 4290.00
10034 200000 9094 2021 8 4910.00
10189 200080 9165 2020 9 4810.00
10060 200042 9198 2021 9 2620.00
10105 200167 9289 2021 10 2210.00
10145 200026 9046 2021 10 1396.95
10055 200086 9471 2020 10 3020.00
10177 200231 9154 2020 12 4990.00
10002 200061 9216 2020 12 3130.00
10196 200132 9079 2021 6 3940.00
10075 200027 9354 2021 9 1095.45
10158 200141 9183 2021 1 2281.35
10107 200031 9114 2020 11 3360.00
10075 200027 9354 2021 4 1095.45
10107 200121 9229 2021 7 2170.00
10112 200038 9210 2021 9 2940.00
10152 200109 9131 2021 8 3620.00
10047 200044 9272 2020 7 1930.00
10002 200061 9216 2021 9 3145.65
10043 200238 9405 2021 6 633.15
10030 200076 9043 2021 3 3870.00
10100 200207 9223 2021 5 1085.40
10113 200137 9475 2021 5 4290.00
10195 200130 9474 2020 2 4050.00
10002 200055 9432 2020 5 4210.00
10093 200161 9451 2021 8 4810.00
10060 200122 9381 2020 4 3750.00
10152 200102 9265 2021 2 522.60
10070 200022 9369 2021 4 1648.20
10015 200021 9038 2020 5 1400.00
10033 200147 9086 2021 7 4341.60
10134 200247 9174 2020 12 4210.00
10077 200024 9226 2020 12 730.00
10112 200034 9194 2021 1 1587.90
10002 200055 9432 2020 11 4210.00
10105 200098 9451 2020 10 2440.00
10140 200191 9227 2021 1 1376.85
10071 200105 9163 2020 7 4480.00
10013 200043 9355 2021 9 620.00
10069 200244 9340 2021 11 3400.00
10066 200074 9130 2021 10 2623.05
10174 200165 9114 2020 6 2420.00
10034 200000 9094 2021 9 4910.00
10054 200205 9415 2020 10 2660.00
10028 200131 9012 2021 7 452.25
10145 200026 9046 2020 8 1390.00
10189 200080 9165 2020 4 4810.00
10070 200022 9369 2021 5 1648.20
10055 200077 9272 2021 7 2490.00
10179 200240 9108 2021 7 4582.80
10167 200214 9445 2020 8 2860.00
10008 200057 9139 2020 8 1060.00
10088 200110 9180 2020 9 1260.00
10103 200099 9081 2020 11 2450.00
10002 200061 9216 2020 8 3130.00
10066 200002 9409 2021 9 1820.00
10020 200128 9438 2020 12 3740.00
10159 200111 9074 2021 9 633.15
10054 200205 9415 2021 5 2673.30
10091 200225 9206 2021 7 4944.60
10189 200080 9165 2020 10 4810.00
10090 200146 9271 2021 7 3800.00
10117 200072 9144 2021 5 680.00
10066 200074 9130 2021 5 2623.05
10088 200110 9180 2020 3 1260.00
10049 200008 9195 2020 8 1120.00
10133 200009 9431 2021 9 3400.00
10183 200003 9108 2020 12 1190.00
10083 200211 9319 2021 7 700.00
10195 200130 9474 2020 9 4050.00
10132 200204 9333 2021 3 4400.00
10145 200026 9046 2021 9 1396.95
10179 200143 9410 2021 9 4080.00
10002 200055 9432 2021 4 4231.05
10154 200166 9497 2020 8 3950.00
10192 200112 9055 2021 10 1490.00
10007 200104 9043 2021 11 3658.20
10183 200108 9115 2021 10 2710.00
10033 200147 9086 2021 5 4341.60
10066 200074 9130 2021 6 2623.05
10066 200074 9130 2020 10 2610.00
10183 200067 9132 2021 11 770.00
10013 200043 9355 2021 8 620.00
10081 200228 9165 2021 11 4000.00
10104 200202 9165 2021 9 770.00
10028 200131 9012 2021 10 452.25
10067 200014 9166 2020 11 2060.00
10002 200055 9432 2020 9 4210.00
10114 200160 9291 2020 9 3200.00
10070 200022 9369 2020 11 1640.00
10103 200184 9413 2020 12 450.00
10103 200184 9413 2021 7 452.25
10066 200074 9130 2021 9 2623.05
10159 200111 9074 2020 12 630.00
10113 200116 9069 2021 8 3226.05
10072 200150 9042 2020 11 4990.00
10129 200173 9485 2021 2 482.40
10032 200182 9478 2021 9 1680.00
10196 200132 9079 2021 10 3940.00
10133 200196 9497 2021 2 3680.00
10099 200210 9283 2021 10 1310.00
10075 200027 9354 2021 5 1095.45
10081 200171 9075 2021 8 4120.00
10103 200099 9081 2021 3 2462.25
10185 200138 9153 2020 12 3380.00
10071 200105 9163 2020 12 4480.00
10100 200207 9223 2021 1 1085.40
10113 200116 9069 2021 4 3226.05
10112 200038 9210 2021 7 2940.00
10187 200126 9488 2021 7 4190.85
10085 200187 9084 2021 9 1658.25
10114 200160 9291 2021 10 3216.00
10145 200026 9046 2021 5 1396.95
10107 200031 9114 2021 9 3376.80
10077 200024 9226 2021 1 733.65
10178 200145 9245 2021 6 3750.00
10081 200171 9075 2021 9 4120.00
10112 200034 9194 2020 11 1580.00
10067 200239 9251 2021 3 2512.50
10006 200125 9234 2021 9 3220.00
10118 200073 9365 2021 4 1860.00
10072 200150 9042 2020 8 4990.00
10091 200183 9243 2021 11 1060.00
10020 200128 9438 2020 6 3740.00
10008 200057 9139 2021 7 1065.30
10060 200042 9198 2021 11 2620.00
10075 200220 9374 2021 1 3290.00
10132 200204 9333 2021 8 4400.00
10149 200097 9293 2020 4 2980.00
10001 200246 9093 2021 7 1989.90
10078 200197 9384 2021 11 4740.00
10069 200016 9070 2020 12 3640.00
10134 200247 9174 2021 1 4231.05
10002 200095 9344 2021 3 2280.00
10067 200169 9231 2020 12 1280.00
10159 200111 9074 2020 9 630.00
10081 200171 9075 2021 2 4120.00
10052 200007 9108 2021 9 4470.00
10032 200152 9296 2020 11 1680.00
10062 200195 9166 2020 8 4740.00
10193 200023 9181 2021 4 2552.70
10129 200190 9183 2021 9 3250.00
10029 200151 9168 2020 5 1750.00
10067 200014 9166 2020 12 2060.00
10193 200023 9181 2021 8 2552.70
10015 200052 9070 2021 9 4420.00
10061 200113 9362 2021 8 2592.90
10154 200166 9497 2020 11 3950.00
10043 200193 9311 2021 11 720.00
10100 200207 9223 2021 3 1085.40
10103 200184 9413 2021 3 452.25
10112 200034 9194 2020 6 1580.00
10006 200125 9234 2021 8 3220.00
10154 200166 9497 2020 7 3950.00
10154 200166 9497 2020 10 3950.00
10110 200046 9243 2020 9 3010.00
10174 200165 9114 2021 1 2432.10
10002 200217 9042 2020 4 3240.00
10170 200028 9066 2021 6 4301.40
10020 200128 9438 2021 9 3758.70
10113 200116 9069 2021 10 3226.05
10174 200165 9114 2020 7 2420.00
10192 200092 9411 2020 4 2230.00
10008 200057 9139 2021 2 1065.30
10113 200116 9069 2020 9 3210.00
10107 200031 9114 2020 6 3360.00
10023 200178 9107 2021 7 1145.70
10054 200205 9415 2020 8 2660.00
10022 200040 9425 2020 9 3020.00
10110 200046 9243 2020 8 3010.00
10001 200246 9093 2021 1 1989.90
10031 200163 9353 2021 9 3480.00
10086 200065 9009 2021 7 4170.00
10173 200201 9073 2021 4 4440.00
10072 200150 9042 2021 10 5014.95
10136 200100 9174 2021 11 810.00
10112 200038 9210 2021 4 2940.00
10192 200092 9411 2020 9 2230.00
10029 200151 9168 2020 2 1750.00
10103 200099 9081 2020 12 2450.00
10097 200179 9008 2020 3 1510.00
10099 200069 9362 2021 7 2773.80
10029 200151 9168 2021 3 1758.75
10145 200026 9046 2020 11 1390.00
10023 200178 9107 2021 3 1145.70
10100 200207 9223 2020 10 1080.00
10028 200131 9012 2021 9 452.25
10143 200029 9179 2021 6 3899.40
10060 200042 9198 2021 10 2620.00
10169 200103 9339 2021 6 3340.00
10179 200240 9108 2021 1 4582.80
10105 200098 9451 2021 3 2452.20
10158 200141 9183 2021 8 2281.35
10137 200149 9408 2020 12 3020.00
10173 200085 9189 2021 3 4950.00
10050 200071 9497 2021 11 450.00
10075 200220 9374 2021 8 3290.00
10117 200030 9402 2021 10 890.00
10182 200140 9494 2020 10 3860.00
10110 200046 9243 2020 6 3010.00
10118 200073 9365 2021 8 1860.00
10193 200023 9181 2021 11 2552.70
10143 200029 9179 2020 11 3880.00
10022 200040 9425 2020 10 3020.00
10183 200003 9108 2021 8 1195.95
10110 200050 9235 2020 10 830.00
10105 200245 9049 2021 4 4944.60
10103 200049 9396 2021 6 1407.00
10157 200059 9046 2020 11 4810.00
10107 200031 9114 2021 7 3376.80
10114 200160 9291 2021 11 3216.00
10195 200060 9134 2020 12 780.00
10167 200006 9491 2021 11 2050.00
10075 200220 9374 2021 7 3290.00
10121 200224 9253 2020 10 4610.00
10023 200178 9107 2021 10 1145.70
10167 200214 9445 2020 10 2860.00
10107 200031 9114 2021 1 3376.80
10066 200248 9044 2020 8 900.00
10107 200031 9114 2020 4 3360.00
10167 200214 9445 2021 10 2874.30
10071 200105 9163 2020 11 4480.00
10038 200089 9057 2021 7 2680.00
10054 200205 9415 2020 9 2660.00
10085 200232 9280 2021 8 2522.55
10119 200148 9291 2020 11 2340.00
10099 200069 9362 2021 5 2773.80
10179 200143 9410 2021 11 4080.00
10159 200111 9074 2021 6 633.15
10193 200023 9181 2020 12 2540.00
10189 200080 9165 2021 6 4834.05
10077 200075 9426 2021 2 3286.35
10030 200076 9043 2021 4 3870.00
10075 200220 9374 2021 2 3290.00
10192 200092 9411 2021 1 2241.15
10000 200118 9062 2021 10 1140.00
10106 200153 9469 2021 7 370.00
10099 200084 9158 2020 10 2590.00
10061 200113 9362 2021 5 2592.90
10133 200196 9497 2021 5 3680.00
10050 200071 9497 2021 6 450.00
10122 200139 9408 2021 11 2914.50
10075 200027 9354 2020 8 1090.00
10067 200239 9251 2021 5 2512.50
10179 200240 9108 2020 9 4560.00
10158 200141 9183 2020 10 2270.00
10143 200029 9179 2020 10 3880.00
10020 200128 9438 2021 10 3758.70
10167 200214 9445 2021 9 2874.30
10085 200232 9280 2021 7 2522.55
10126 200135 9361 2021 11 1829.10
10183 200003 9108 2021 6 1195.95
10038 200013 9331 2021 3 4430.00
10195 200060 9134 2020 10 780.00
10008 200057 9139 2021 9 1065.30
10007 200005 9116 2021 10 880.00
10006 200155 9131 2020 7 2930.00
10133 200200 9414 2021 4 3889.35
10075 200220 9374 2021 4 3290.00
10075 200220 9374 2021 6 3290.00
10148 200136 9492 2021 10 1700.00
10143 200096 9063 2020 5 4750.00
10184 200037 9010 2020 11 3830.00
10199 200117 9055 2020 11 520.00
10061 200113 9362 2021 1 2592.90
10103 200049 9396 2021 4 1407.00
10167 200006 9491 2021 4 2050.00
10105 200245 9049 2021 5 4944.60
10075 200220 9374 2021 10 3290.00
10120 200181 9276 2021 7 2420.00
10143 200029 9179 2021 10 3899.40
10130 200199 9172 2021 7 3065.25
10152 200102 9265 2021 5 522.60
10085 200232 9280 2021 1 2522.55
10022 200040 9425 2021 7 3035.10
10086 200213 9099 2021 3 4430.00
10143 200029 9179 2020 12 3880.00
10007 200104 9043 2021 7 3658.20
10192 200112 9055 2021 9 1490.00
10071 200105 9163 2020 2 4480.00
10195 200130 9474 2021 7 4070.25
10043 200058 9085 2021 9 830.00
10145 200026 9046 2021 3 1396.95
10136 200100 9174 2021 4 810.00
10134 200247 9174 2020 10 4210.00
10029 200151 9168 2020 10 1750.00
10107 200031 9114 2021 2 3376.80
10001 200246 9093 2021 8 1989.90
10066 200074 9130 2021 2 2623.05
10179 200240 9108 2021 5 4582.80
10148 200136 9492 2021 8 1700.00
10002 200095 9344 2021 2 2280.00
10103 200099 9081 2021 10 2462.25
10085 200172 9489 2021 3 3577.80
10138 200001 9293 2021 2 950.00
10119 200148 9291 2021 8 2351.70
10134 200230 9115 2021 2 3386.85
10054 200205 9415 2021 2 2673.30
10091 200183 9243 2021 8 1060.00
10070 200242 9011 2020 4 2240.00
10091 200225 9206 2021 6 4944.60
10174 200165 9114 2021 10 2432.10
10051 200188 9129 2021 9 4390.00
10103 200049 9396 2021 3 1407.00
10059 200180 9136 2020 8 2290.00
10120 200079 9030 2021 11 1320.00
10120 200181 9276 2021 8 2420.00
10143 200082 9297 2021 7 2140.00
10028 200131 9012 2021 2 452.25
10132 200208 9125 2020 12 2830.00
10072 200177 9172 2021 10 1340.00
10183 200067 9132 2021 9 770.00
10046 200081 9014 2021 11 2240.00
10007 200229 9260 2021 11 2210.00
10077 200024 9226 2021 3 733.65
10134 200230 9115 2021 6 3386.85
10067 200169 9231 2020 9 1280.00
10007 200229 9260 2021 10 2210.00
10102 200093 9265 2021 1 4030.05