10003 11776.40
10137 33452.87
10185 16950.53
10055 19900.08
10046 6720.00
10071 18027.61
10177 53446.48
10132 75360.94
10006 17000.00
10136 23186.16
10090 29290.68
10091 41990.17
10107 50064.47
10051 30760.73
10122 32091.56
10171 10658.64
10123 2796.69
10192 11908.44
10120 27775.44
10060 13830.42
10196 27864.16
10103 44677.78
10064 3133.13
10126 43306.54
10083 14440.00
10117 19308.54
10114 35340.62
10193 28023.54
10069 42465.69
10080 861.72
10099 39607.06
10138 6663.30
10072 52882.33
10145 18857.57
10054 50226.68
10170 25860.02
10095 3206.40
10022 30290.30
10048 2948.79
10094 28920.00
10007 57392.75
10184 4909.80
10030 51168.78
10015 22100.00
10029 22145.62
10121 20189.54
10067 44175.78
10070 27189.27
10093 32275.32
10100 9768.60
10081 85114.80
10077 14613.56
10113 138896.55
10102 44330.55
10173 89460.00
10135 11771.76
10028 4979.72
10013 2484.96
10178 22522.50
10075 48288.19
10159 6331.50
10118 14880.00
10167 49344.11
10189 29033.30
10078 32072.04
10020 51083.33
10148 25440.00
10150 1292.58
10052 17915.76
10181 2324.64
10008 11694.86
10017 1663.32
10195 41143.72
10169 30060.00
10066 31753.88
10105 62343.20
10174 26753.10
10086 73676.25
10199 1045.20
10115 949.05
10187 60530.86
10106 1848.15
10014 17670.31
10130 38470.65
10001 21845.12
10110 19858.24
10023 14682.70
10098 3043.90
10166 299.40
10183 26702.13
10034 19640.00
10031 13892.16
10038 90610.86
10143 51782.17
10002 56142.44
10043 14243.08
10049 1126.73
10097 13775.90
10085 58832.70
10158 20532.15
10059 2754.48
10179 70810.80
10149 20964.30
10157 4834.05
10084 5315.31
10032 10096.80
10104 3857.70
10010 17977.96
10162 2677.32
10154 7955.38
10000 4550.88
10065 32061.78
10129 15026.29
10133 80343.22
10112 37500.15
10140 5501.89
10050 4050.00
10152 17615.60
10134 76179.85
10156 26395.03
10061 29589.38
10033 47805.36
10119 27668.70
10009 2302.30
