69 1016 95 2021 12 477.09
68 1029 83 2022 2 1326.60
60 1015 89 2020 5 1290.00
58 1004 99 2021 12 683.40
76 1028 93 2021 9 391.95
68 1032 81 2022 3 1989.90
66 1012 78 2020 8 1280.00
75 1003 81 2020 10 373.71
72 1019 83 2020 6 1898.85
112 1001 259 2019 9 470.00
59 1022 93 2021 9 613.05
62 1023 96 2022 1 680.10
58 1004 99 2021 11 683.40
79 1025 91 2019 10 1376.85
78 1036 77 2021 12 1010.02
60 1015 89 2021 4 1296.45
66 1012 78 2020 10 1280.00
58 1007 76 2020 11 1970.00
72 1008 82 2021 11 412.05
79 1025 91 2020 5 1383.73
62 1023 96 2020 8 673.35
58 1004 99 2021 7 683.40
60 1015 89 2021 12 1296.45
79 1025 91 2020 10 1383.73
79 1025 91 2021 12 1390.65
67 1031 98 2020 3 1515.04
60 1005 85 2021 4 1403.93
79 1025 91 2021 9 1390.65
60 1005 85 2020 4 1396.95
59 1022 93 2022 2 616.12
65 1034 80 2020 4 1380.00
57 1033 77 2018 9 1610.00
78 1036 77 2019 12 1000.00
78 1036 77 2020 3 1005.00
60 1005 85 2021 8 1403.93
60 1005 85 2020 12 1396.95
64 1026 87 2021 11 404.01
66 1012 78 2021 8 1286.40
60 1015 89 2021 8 1296.45
72 1019 83 2021 7 1908.34
58 1004 99 2021 10 683.40
78 1036 77 2022 2 1015.08
72 1019 83 2019 9 1889.40
75 1003 81 2021 9 375.58
57 1033 77 2020 12 1626.14
61 1009 89 2020 12 969.62
72 1008 82 2021 3 412.05
72 1008 82 2020 12 410.00
67 1031 98 2019 5 1507.50
61 1009 89 2019 10 964.80
58 1004 99 2021 3 683.40
69 1030 99 2020 11 1280.00
58 1004 99 2021 5 683.40
72 1008 82 2021 4 412.05
80 1020 87 2022 1 1618.05
60 1005 85 2020 6 1396.95
59 1022 93 2021 12 613.05
67 1031 98 2018 10 1500.00
77 1010 80 2018 12 1330.00
72 1019 83 2019 3 1889.40
61 1009 89 2018 8 960.00
79 1035 83 2020 9 1818.04
79 1025 91 2020 3 1383.73
60 1015 89 2020 8 1290.00
61 1009 89 2019 6 964.80
67 1031 98 2020 2 1515.04
78 1036 77 2021 3 1010.02
112 1001 259 2019 3 470.00
60 1021 96 2021 12 440.00
75 1003 81 2019 6 371.85
69 1016 95 2021 4 477.09
78 1036 77 2021 1 1010.02
58 1004 99 2022 1 686.82
60 1005 85 2019 12 1390.00
78 1017 87 2019 6 1346.70
75 1003 81 2021 2 375.58
77 1010 80 2018 11 1330.00
78 1018 88 2021 10 1460.00
62 1023 96 2020 2 673.35
68 1032 81 2022 2 1989.90
72 1019 83 2021 12 1908.34
65 1034 80 2021 2 1386.90
72 1019 83 2021 10 1908.34
66 1012 78 2020 7 1280.00
77 1010 80 2020 1 1343.33
60 1005 85 2020 5 1396.95
57 1033 77 2018 5 1610.00
60 1005 85 2020 3 1396.95
61 1009 89 2018 4 960.00
57 1033 77 2020 9 1626.14
78 1036 77 2020 1 1005.00
69 1016 95 2018 11 470.00
64 1026 87 2020 9 402.00
79 1035 83 2018 9 1800.00
78 1017 87 2019 5 1346.70
75 1003 81 2020 2 373.71
57 1033 77 2020 6 1626.14
78 1017 87 2019 10 1346.70
65 1034 80 2021 10 1386.90
69 1016 95 2019 4 472.35
67 1031 98 2019 6 1507.50
79 1025 91 2021 4 1390.65
75 1003 81 2022 2 377.46
67 1031 98 2018 9 1500.00
77 1010 80 2018 4 1330.00
60 1013 96 2021 9 910.00
69 1016 95 2018 6 470.00
77 1010 80 2019 10 1336.65
59 1022 93 2021 3 613.05
77 1010 80 2018 2 1330.00
76 1028 93 2021 10 391.95
79 1035 83 2019 6 1809.00
67 1031 98 2019 2 1507.50
75 1003 81 2018 10 370.00
69 1016 95 2021 8 477.09
72 1008 82 2021 7 412.05
69 1030 99 2021 10 1286.40
57 1006 97 2021 1 783.90
75 1003 81 2019 7 371.85
72 1019 83 2019 5 1889.40
79 1025 91 2021 2 1390.65
58 1004 99 2022 3 686.82
61 1009 89 2018 9 960.00
72 1019 83 2020 8 1898.85
77 1010 80 2020 6 1343.33
75 1003 81 2018 7 370.00
79 1025 91 2019 5 1376.85
79 1025 91 2020 11 1383.73
62 1023 96 2020 5 673.35
69 1030 99 2021 2 1286.40
72 1008 82 2022 3 414.11
76 1028 93 2020 8 390.00
62 1023 96 2021 7 676.72
57 1033 77 2019 10 1618.05
80 1002 82 2022 2 1356.75
72 1019 83 2021 11 1908.34
69 1016 95 2021 11 477.09
75 1003 81 2020 8 373.71
75 1003 81 2019 9 371.85
58 1004 99 2021 9 683.40
78 1018 88 2021 2 1460.00
65 1034 80 2021 6 1386.90
68 1032 81 2022 1 1989.90
60 1015 89 2020 9 1290.00
60 1005 85 2019 8 1390.00
79 1035 83 2020 1 1818.04
57 1006 97 2021 2 783.90
64 1026 87 2020 4 402.00
58 1007 76 2020 9 1970.00
60 1015 89 2020 11 1290.00
79 1035 83 2019 5 1809.00
64 1026 87 2020 10 402.00
60 1005 85 2021 1 1403.93
80 1002 82 2022 3 1356.75
60 1005 85 2019 5 1390.00
67 1031 98 2019 10 1507.50
112 1001 259 2019 5 470.00
78 1018 88 2021 6 1460.00
78 1018 88 2021 9 1460.00
76 1024 78 2022 3 633.15
67 1014 94 2021 9 1770.00
77 1010 80 2021 2 1350.05
75 1003 81 2019 5 371.85
78 1036 77 2020 8 1005.00
79 1025 91 2019 3 1376.85
78 1036 77 2021 11 1010.02
69 1016 95 2020 3 474.71
60 1005 85 2020 7 1396.95
60 1005 85 2021 6 1403.93
77 1010 80 2019 9 1336.65
79 1025 91 2019 11 1376.85
69 1016 95 2020 1 474.71
77 1010 80 2019 7 1336.65
60 1015 89 2021 11 1296.45
79 1035 83 2019 8 1809.00
72 1019 83 2021 2 1908.34
59 1022 93 2022 3 616.12
65 1034 80 2021 9 1386.90
77 1010 80 2018 3 1330.00
60 1005 85 2022 2 1410.95
60 1015 89 2020 7 1290.00
77 1010 80 2018 8 1330.00
72 1019 83 2020 7 1898.85
67 1031 98 2019 11 1507.50
69 1030 99 2022 2 1292.83
62 1023 96 2019 9 670.00
78 1017 87 2018 9 1340.00
61 1009 89 2020 9 969.62
76 1028 93 2021 7 391.95
65 1034 80 2021 4 1386.90
72 1008 82 2021 5 412.05
75 1003 81 2022 3 377.46
79 1035 83 2020 12 1818.04
64 1026 87 2019 10 400.00
59 1022 93 2021 4 613.05
57 1033 77 2018 12 1610.00
69 1016 95 2021 9 477.09
69 1016 95 2022 1 479.47
69 1030 99 2020 9 1280.00
77 1010 80 2021 4 1350.05
61 1009 89 2018 6 960.00
57 1006 97 2020 12 780.00
77 1010 80 2020 11 1343.33
80 1027 93 2021 12 1700.00
75 1003 81 2020 7 373.71
79 1035 83 2019 2 1809.00
72 1019 83 2019 7 1889.40
60 1021 96 2022 2 442.20
62 1023 96 2021 1 676.72
72 1008 82 2020 8 410.00
61 1011 80 2020 9 1630.00
75 1003 81 2020 5 373.71
60 1015 89 2021 7 1296.45
77 1010 80 2021 5 1350.05
79 1025 91 2019 1 1376.85
61 1009 89 2021 11 974.47
75 1003 81 2021 7 375.58
59 1022 93 2022 1 616.12
72 1019 83 2019 12 1889.40
66 1012 78 2021 5 1286.40
72 1019 83 2022 3 1917.88
76 1024 78 2021 12 630.00
59 1022 93 2020 9 610.00
80 1002 82 2022 1 1356.75
77 1010 80 2019 6 1336.65
78 1036 77 2021 9 1010.02
77 1010 80 2020 2 1343.33
57 1033 77 2018 7 1610.00
77 1010 80 2020 7 1343.33
69 1016 95 2022 2 479.47
79 1025 91 2018 12 1370.00
78 1018 88 2021 4 1460.00
77 1010 80 2019 8 1336.65
62 1023 96 2020 10 673.35
65 1034 80 2020 9 1380.00
58 1007 76 2020 6 1970.00
72 1019 83 2021 3 1908.34
69 1016 95 2019 12 472.35
112 1001 259 2019 4 470.00
79 1025 91 2019 6 1376.85
78 1018 88 2021 12 1460.00
58 1004 99 2020 11 680.00
72 1019 83 2019 6 1889.40
64 1026 87 2020 7 402.00
69 1030 99 2021 9 1286.40
66 1012 78 2020 9 1280.00
60 1015 89 2020 12 1290.00
61 1009 89 2018 10 960.00
79 1035 83 2019 12 1809.00
75 1003 81 2018 11 370.00
79 1025 91 2019 8 1376.85
75 1003 81 2021 4 375.58
72 1008 82 2020 10 410.00
78 1036 77 2019 9 1000.00
61 1011 80 2020 7 1630.00
65 1034 80 2021 11 1386.90
68 1032 81 2021 10 1980.00
57 1033 77 2019 8 1618.05
57 1033 77 2020 7 1626.14
61 1009 89 2020 2 969.62
67 1031 98 2018 11 1500.00
78 1036 77 2021 7 1010.02
78 1036 77 2020 10 1005.00
69 1016 95 2020 4 474.71
77 1010 80 2021 6 1350.05
112 1001 259 2019 8 470.00
78 1017 87 2018 8 1340.00
69 1030 99 2021 7 1286.40
79 1035 83 2020 4 1818.04
75 1003 81 2018 8 370.00
79 1035 83 2019 4 1809.00
62 1023 96 2019 8 670.00
57 1033 77 2018 8 1610.00
80 1020 87 2021 12 1610.00
65 1034 80 2021 5 1386.90
57 1006 97 2020 7 780.00
66 1012 78 2020 12 1280.00
69 1016 95 2021 3 477.09
61 1009 89 2019 2 964.80
57 1033 77 2019 12 1618.05
79 1025 91 2020 7 1383.73
69 1016 95 2020 12 474.71
66 1012 78 2021 10 1286.40
59 1022 93 2020 10 610.00
58 1007 76 2021 4 1979.85
59 1022 93 2021 11 613.05
65 1034 80 2020 12 1380.00
75 1003 81 2020 4 373.71
69 1016 95 2018 9 470.00
78 1036 77 2020 11 1005.00
57 1033 77 2018 6 1610.00
76 1028 93 2021 2 391.95
75 1003 81 2019 4 371.85
67 1031 98 2019 1 1507.50
72 1019 83 2020 12 1898.85
60 1015 89 2020 6 1290.00
75 1003 81 2019 3 371.85
69 1016 95 2021 7 477.09
75 1003 81 2019 8 371.85
79 1035 83 2019 10 1809.00
79 1035 83 2020 7 1818.04
62 1023 96 2021 3 676.72
67 1014 94 2022 2 1778.85
79 1025 91 2022 2 1397.61
77 1010 80 2019 4 1336.65
65 1034 80 2021 3 1386.90
75 1003 81 2019 2 371.85
77 1010 80 2019 12 1336.65
62 1023 96 2019 11 670.00
79 1025 91 2021 3 1390.65
64 1026 87 2019 12 400.00
78 1017 87 2019 1 1346.70
66 1012 78 2021 1 1286.40
57 1033 77 2020 8 1626.14
78 1036 77 2019 11 1000.00
77 1010 80 2020 10 1343.33
72 1019 83 2020 4 1898.85
75 1003 81 2019 11 371.85
62 1023 96 2022 2 680.10
61 1009 89 2019 9 964.80
79 1035 83 2018 12 1800.00
72 1019 83 2018 12 1880.00
78 1018 88 2021 11 1460.00
69 1016 95 2019 3 472.35
69 1030 99 2021 5 1286.40
57 1033 77 2018 3 1610.00
78 1017 87 2019 2 1346.70
62 1023 96 2020 12 673.35
61 1009 89 2020 5 969.62
57 1033 77 2020 10 1626.14
72 1019 83 2020 1 1898.85
79 1035 83 2019 1 1809.00
58 1007 76 2020 3 1970.00
57 1033 77 2019 4 1618.05
57 1033 77 2019 11 1618.05
61 1011 80 2020 11 1630.00
65 1034 80 2020 10 1380.00
57 1006 97 2020 6 780.00
79 1025 91 2021 7 1390.65
79 1025 91 2019 12 1376.85
112 1001 259 2019 1 470.00
60 1005 85 2021 7 1403.93
69 1016 95 2018 12 470.00
62 1023 96 2020 1 673.35
79 1025 91 2020 9 1383.73
61 1009 89 2020 1 969.62
60 1015 89 2021 10 1296.45
69 1016 95 2020 8 474.71
77 1010 80 2018 6 1330.00
72 1008 82 2021 8 412.05
61 1009 89 2019 1 964.80
66 1012 78 2021 2 1286.40
61 1009 89 2019 12 964.80
79 1025 91 2019 4 1376.85
75 1003 81 2018 6 370.00
79 1025 91 2020 2 1383.73
64 1026 87 2021 9 404.01
59 1022 93 2020 11 610.00
72 1019 83 2020 11 1898.85
79 1025 91 2021 11 1390.65
67 1014 94 2021 8 1770.00
64 1026 87 2021 3 404.01
79 1035 83 2020 8 1818.04
69 1016 95 2019 7 472.35
69 1030 99 2022 3 1292.83
76 1028 93 2020 9 390.00
62 1023 96 2021 11 676.72
61 1009 89 2019 8 964.80
72 1019 83 2019 4 1889.40
66 1012 78 2021 3 1286.40
72 1019 83 2019 10 1889.40
57 1033 77 2020 4 1626.14
76 1024 78 2022 1 633.15
69 1030 99 2020 10 1280.00
77 1010 80 2018 10 1330.00
57 1033 77 2020 11 1626.14
72 1019 83 2021 8 1908.34
58 1007 76 2020 12 1970.00
57 1006 97 2020 11 780.00
60 1015 89 2022 1 1302.93
62 1023 96 2021 8 676.72
75 1003 81 2021 1 375.58
112 1001 259 2019 7 470.00
72 1019 83 2019 2 1889.40
57 1033 77 2020 3 1626.14
58 1004 99 2021 1 683.40
57 1033 77 2018 10 1610.00
60 1005 85 2020 8 1396.95
72 1019 83 2021 6 1908.34
69 1016 95 2020 9 474.71
66 1012 78 2021 6 1286.40
59 1022 93 2021 2 613.05
65 1034 80 2021 1 1386.90
67 1031 98 2019 9 1507.50
68 1029 83 2021 12 1320.00
58 1007 76 2021 1 1979.85
77 1010 80 2019 2 1336.65
58 1004 99 2021 6 683.40
75 1003 81 2020 6 373.71
59 1022 93 2021 1 613.05
64 1026 87 2020 6 402.00
57 1033 77 2019 2 1618.05
58 1004 99 2022 2 686.82
79 1025 91 2018 11 1370.00
62 1023 96 2020 3 673.35
77 1010 80 2020 4 1343.33
65 1034 80 2020 11 1380.00
72 1008 82 2020 7 410.00
67 1031 98 2019 4 1507.50
75 1003 81 2018 3 370.00
69 1016 95 2020 2 474.71
57 1033 77 2019 9 1618.05
79 1025 91 2019 2 1376.85
62 1023 96 2021 2 676.72
57 1006 97 2020 4 780.00
79 1025 91 2020 8 1383.73
61 1009 89 2020 6 969.62
77 1010 80 2020 8 1343.33
78 1017 87 2019 3 1346.70
59 1022 93 2021 8 613.05
60 1013 96 2021 12 910.00
69 1016 95 2020 11 474.71
76 1024 78 2021 11 630.00
77 1010 80 2021 1 1350.05
68 1029 83 2022 1 1326.60
60 1005 85 2020 1 1396.95
69 1016 95 2018 8 470.00
72 1008 82 2020 9 410.00
64 1026 87 2020 2 402.00
61 1009 89 2021 3 974.47
69 1016 95 2022 3 479.47
61 1009 89 2020 3 969.62
77 1010 80 2019 1 1336.65
59 1022 93 2021 6 613.05
78 1017 87 2018 10 1340.00
60 1005 85 2020 9 1396.95
79 1025 91 2020 12 1383.73
79 1035 83 2018 7 1800.00
60 1005 85 2021 11 1403.93
78 1017 87 2019 8 1346.70
72 1008 82 2020 11 410.00
67 1031 98 2020 1 1515.04
77 1010 80 2021 3 1350.05
79 1035 83 2020 10 1818.04
62 1023 96 2021 6 676.72
69 1016 95 2020 6 474.71
58 1007 76 2020 8 1970.00
72 1019 83 2019 1 1889.40
57 1033 77 2019 3 1618.05
57 1033 77 2020 2 1626.14
79 1025 91 2020 1 1383.73
75 1003 81 2021 8 375.58
78 1018 88 2021 1 1460.00
78 1036 77 2021 2 1010.02
69 1016 95 2018 7 470.00
67 1031 98 2018 12 1500.00
78 1036 77 2021 10 1010.02
62 1023 96 2020 9 673.35
62 1023 96 2020 4 673.35
72 1008 82 2022 1 414.11
64 1026 87 2019 11 400.00
72 1008 82 2021 12 412.05
75 1003 81 2021 6 375.58
61 1009 89 2021 2 974.47
69 1016 95 2021 1 477.09
61 1009 89 2019 7 964.80
78 1017 87 2018 12 1340.00
77 1010 80 2020 9 1343.33
58 1007 76 2020 7 1970.00
69 1030 99 2021 8 1286.40
57 1033 77 2020 5 1626.14
60 1005 85 2021 3 1403.93
78 1036 77 2021 8 1010.02
58 1007 76 2020 10 1970.00
57 1033 77 2019 7 1618.05
58 1007 76 2021 3 1979.85
64 1026 87 2021 1 404.01
57 1033 77 2020 1 1626.14
77 1010 80 2019 11 1336.65
60 1005 85 2019 6 1390.00
76 1024 78 2022 2 633.15
75 1003 81 2022 1 377.46
77 1010 80 2020 5 1343.33
61 1009 89 2019 5 964.80
64 1026 87 2020 1 402.00
60 1005 85 2021 2 1403.93
60 1015 89 2021 5 1296.45
75 1003 81 2021 10 375.58
64 1026 87 2021 2 404.01
78 1017 87 2018 11 1340.00
72 1008 82 2021 9 412.05
60 1021 96 2022 3 442.20
72 1008 82 2021 2 412.05
78 1018 88 2021 3 1460.00
61 1009 89 2020 8 969.62
60 1005 85 2020 10 1396.95
58 1007 76 2021 2 1979.85
61 1011 80 2020 6 1630.00
58 1004 99 2021 8 683.40
78 1018 88 2022 2 1467.30
69 1016 95 2020 7 474.71
61 1009 89 2021 8 974.47
76 1028 93 2020 10 390.00
61 1011 80 2020 10 1630.00
77 1010 80 2020 3 1343.33
80 1027 93 2022 3 1708.50
64 1026 87 2021 4 404.01
78 1017 87 2018 7 1340.00
79 1035 83 2020 3 1818.04
75 1003 81 2018 9 370.00
57 1033 77 2019 5 1618.05
78 1036 77 2019 10 1000.00
69 1016 95 2021 10 477.09
62 1023 96 2022 3 680.10
61 1011 80 2020 8 1630.00
78 1036 77 2020 12 1005.00
60 1005 85 2021 12 1403.93
60 1015 89 2020 10 1290.00
75 1003 81 2021 3 375.58
60 1005 85 2021 10 1403.93
72 1019 83 2021 5 1908.34
59 1022 93 2020 12 610.00
67 1014 94 2022 3 1778.85
78 1036 77 2020 2 1005.00
80 1027 93 2022 1 1708.50
79 1035 83 2020 6 1818.04
60 1005 85 2019 9 1390.00
80 1020 87 2022 2 1618.05
61 1009 89 2018 7 960.00
64 1026 87 2021 7 404.01
62 1023 96 2020 6 673.35
78 1036 77 2021 5 1010.02
76 1028 93 2022 1 393.91
76 1028 93 2021 5 391.95
67 1031 98 2019 12 1507.50
68 1032 81 2021 12 1980.00
58 1004 99 2020 12 680.00
69 1016 95 2019 2 472.35
69 1016 95 2018 10 470.00
62 1023 96 2020 11 673.35
64 1026 87 2022 1 406.03
77 1010 80 2019 5 1336.65
79 1025 91 2020 4 1383.73
69 1016 95 2019 1 472.35
75 1003 81 2021 12 375.58
60 1013 96 2021 10 910.00
59 1022 93 2021 10 613.05
58 1004 99 2021 2 683.40
69 1030 99 2020 12 1280.00
79 1035 83 2018 11 1800.00
79 1035 83 2020 2 1818.04
64 1026 87 2021 10 404.01
64 1026 87 2021 12 404.01
66 1012 78 2021 4 1286.40
67 1014 94 2021 12 1770.00
76 1028 93 2021 4 391.95
69 1016 95 2020 10 474.71
79 1025 91 2022 1 1397.61
65 1034 80 2020 8 1380.00
64 1026 87 2021 5 404.01
76 1028 93 2022 2 393.91
78 1017 87 2019 9 1346.70
67 1014 94 2021 11 1770.00
76 1028 93 2021 6 391.95
79 1025 91 2020 6 1383.73
61 1009 89 2021 10 974.47
66 1012 78 2021 9 1286.40
75 1003 81 2021 11 375.58
69 1016 95 2019 11 472.35
64 1026 87 2020 5 402.00
69 1016 95 2021 6 477.09
78 1036 77 2020 9 1005.00
76 1024 78 2021 10 630.00
59 1022 93 2021 5 613.05
58 1004 99 2021 4 683.40
69 1016 95 2019 8 472.35
61 1009 89 2021 9 974.47
78 1017 87 2019 7 1346.70
61 1009 89 2019 3 964.80
61 1011 80 2020 5 1630.00
57 1033 77 2018 4 1610.00
60 1005 85 2019 7 1390.00
76 1028 93 2021 3 391.95
112 1001 259 2019 11 470.00
67 1031 98 2018 8 1500.00
77 1010 80 2019 3 1336.65
75 1003 81 2019 12 371.85
79 1035 83 2019 11 1809.00
65 1034 80 2020 6 1380.00
67 1031 98 2019 8 1507.50
76 1028 93 2020 12 390.00
76 1028 93 2021 1 391.95
61 1009 89 2021 4 974.47
69 1016 95 2019 9 472.35
67 1031 98 2019 7 1507.50
75 1003 81 2020 11 373.71
78 1018 88 2021 8 1460.00
78 1018 88 2021 5 1460.00
72 1019 83 2021 4 1908.34
57 1033 77 2019 6 1618.05
76 1028 93 2021 12 391.95
61 1009 89 2019 11 964.80
60 1005 85 2020 11 1396.95
60 1005 85 2020 2 1396.95
78 1036 77 2020 7 1005.00
61 1009 89 2021 6 974.47
75 1003 81 2021 5 375.58
60 1005 85 2021 5 1403.93
60 1013 96 2021 11 910.00
57 1033 77 2018 11 1610.00
61 1011 80 2020 4 1630.00
79 1025 91 2021 5 1390.65
80 1002 82 2021 12 1350.00
64 1026 87 2020 8 402.00
68 1032 81 2021 11 1980.00
79 1025 91 2019 7 1376.85
62 1023 96 2021 4 676.72
78 1018 88 2022 1 1467.30
60 1013 96 2022 2 914.55
79 1025 91 2021 8 1390.65
69 1030 99 2021 4 1286.40
60 1005 85 2019 11 1390.00
72 1019 83 2019 8 1889.40
64 1026 87 2021 8 404.01
72 1019 83 2019 11 1889.40
79 1035 83 2019 3 1809.00
67 1014 94 2021 10 1770.00
60 1015 89 2022 2 1302.93
76 1028 93 2021 11 391.95
77 1010 80 2018 7 1330.00
75 1003 81 2018 12 370.00
61 1009 89 2019 4 964.80
79 1025 91 2021 1 1390.65
62 1023 96 2021 12 676.72
60 1015 89 2022 3 1302.93
112 1001 259 2019 6 470.00
65 1034 80 2020 3 1380.00
61 1009 89 2018 12 960.00
64 1026 87 2021 6 404.01
58 1007 76 2020 4 1970.00
72 1019 83 2020 3 1898.85
60 1005 85 2022 3 1410.95
61 1009 89 2020 7 969.62
64 1026 87 2022 2 406.03
72 1008 82 2022 2 414.11
72 1019 83 2022 1 1917.88
69 1016 95 2019 10 472.35
78 1018 88 2022 3 1467.30
77 1010 80 2018 5 1330.00
60 1005 85 2019 10 1390.00
79 1035 83 2018 8 1800.00
69 1016 95 2020 5 474.71
112 1001 259 2019 2 470.00
62 1023 96 2021 10 676.72
78 1036 77 2020 5 1005.00
61 1009 89 2020 4 969.62
60 1015 89 2021 9 1296.45
69 1016 95 2021 2 477.09
76 1028 93 2022 3 393.91
60 1005 85 2021 9 1403.93
67 1014 94 2022 1 1778.85
62 1023 96 2021 5 676.72
62 1023 96 2021 9 676.72
78 1036 77 2020 6 1005.00
75 1003 81 2019 10 371.85
57 1033 77 2019 1 1618.05
80 1020 87 2022 3 1618.05
60 1021 96 2022 1 442.20
57 1006 97 2020 9 780.00
60 1013 96 2022 1 914.55
58 1004 99 2020 10 680.00
77 1010 80 2018 9 1330.00
66 1012 78 2021 7 1286.40
58 1007 76 2020 5 1970.00
72 1019 83 2020 5 1898.85
62 1023 96 2020 7 673.35
67 1031 98 2019 3 1507.50
78 1017 87 2019 4 1346.70
72 1008 82 2021 1 412.05
65 1034 80 2020 5 1380.00
69 1030 99 2021 1 1286.40
72 1008 82 2021 10 412.05
76 1028 93 2020 11 390.00
61 1009 89 2018 3 960.00
61 1009 89 2021 7 974.47
75 1003 81 2019 1 371.85
75 1003 81 2020 3 373.71
112 1001 259 2019 10 470.00
79 1035 83 2019 7 1809.00
79 1025 91 2021 10 1390.65
62 1023 96 2019 10 670.00
61 1009 89 2018 11 960.00
69 1016 95 2019 6 472.35
69 1030 99 2021 12 1286.40
79 1035 83 2020 5 1818.04
72 1019 83 2018 11 1880.00
77 1010 80 2020 12 1343.33
79 1035 83 2018 10 1800.00
72 1019 83 2021 9 1908.34
60 1015 89 2021 3 1296.45
69 1030 99 2022 1 1292.83
57 1006 97 2020 8 780.00
75 1003 81 2018 2 370.00
65 1034 80 2020 7 1380.00
61 1009 89 2021 1 974.47
78 1036 77 2021 6 1010.02
60 1005 85 2022 1 1410.95
80 1027 93 2022 2 1708.50
64 1026 87 2019 9 400.00
78 1036 77 2021 4 1010.02
60 1013 96 2022 3 914.55
72 1019 83 2022 2 1917.88
78 1018 88 2021 7 1460.00
79 1035 83 2019 9 1809.00
75 1003 81 2020 1 373.71
62 1023 96 2019 12 670.00
78 1036 77 2022 1 1015.08
72 1019 83 2021 1 1908.34
72 1019 83 2020 9 1898.85
78 1036 77 2020 4 1005.00
75 1003 81 2018 4 370.00
60 1015 89 2021 6 1296.45
64 1026 87 2020 3 402.00
57 1006 97 2020 10 780.00
69 1030 99 2021 11 1286.40
61 1009 89 2021 5 974.47
69 1016 95 2021 5 477.09
79 1025 91 2021 6 1390.65
69 1030 99 2021 3 1286.40
72 1019 83 2020 10 1898.85
69 1016 95 2019 5 472.35
57 1006 97 2020 3 780.00
60 1015 89 2021 1 1296.45
65 1034 80 2021 7 1386.90
75 1003 81 2020 9 373.71
75 1003 81 2018 5 370.00
75 1003 81 2020 12 373.71
79 1035 83 2018 6 1800.00
72 1019 83 2020 2 1898.85
69 1030 99 2021 6 1286.40
76 1028 93 2021 8 391.95
79 1035 83 2020 11 1818.04
65 1034 80 2021 8 1386.90
64 1026 87 2020 12 402.00
66 1012 78 2020 11 1280.00
60 1015 89 2021 2 1296.45
72 1008 82 2021 6 412.05
64 1026 87 2020 11 402.00
57 1006 97 2020 5 780.00
61 1009 89 2020 10 969.62
59 1022 93 2021 7 613.05
57 1006 97 2021 3 783.90
66 1012 78 2020 6 1280.00
61 1009 89 2018 5 960.00
61 1009 89 2020 11 969.62
79 1025 91 2019 9 1376.85
79 1025 91 2022 3 1397.61
68 1029 83 2022 3 1326.60
64 1026 87 2022 3 406.03
57 1006 97 2021 4 783.90
